0.000000
0.000057
0.000114
0.000171
0.000228
0.000285
0.000342
0.000399
0.000456
0.000513
0.000570
0.000627
0.000684
0.000741
0.000798
0.000855
0.000912
0.000969
0.001026
0.001082
0.001139
0.001196
0.001253
0.001310
0.001367
0.001424
0.001481
0.001538
0.001595
0.001652
0.001709
0.001766
0.001823
0.001880
0.001937
0.001994
0.002051
0.002108
0.002165
0.002222
0.002279
0.002336
0.002393
0.002450
0.002507
0.002564
0.002621
0.002678
0.002735
0.002792
0.002849
0.002906
0.002963
0.003020
0.003077
0.003134
0.003191
0.003247
0.003304
0.003361
0.003418
0.003475
0.003532
0.003589
0.003646
0.003703
0.003760
0.003817
0.003874
0.003931
0.003988
0.004045
0.004102
0.004159
0.004216
0.004273
0.004330
0.004387
0.004444
0.004501
0.004558
0.004615
0.004672
0.004729
0.004786
0.004843
0.004900
0.004957
0.005014
0.005071
0.005128
0.005185
0.005242
0.005299
0.005356
0.005412
0.005469
0.005526
0.005583
0.005640
0.005697
0.005754
0.005811
0.005868
0.005925
0.005982
0.006039
0.006096
0.006153
0.006210
0.006267
0.006324
0.006381
0.006438
0.006495
0.006552
0.006609
0.006666
0.006723
0.006780
0.006837
0.006894
0.006951
0.007008
0.007065
0.007122
0.007179
0.007236
0.007293
0.007350
0.007407
0.007464
0.007521
0.007577
0.007634
0.007691
0.007748
0.007805
0.007862
0.007919
0.007976
0.008033
0.008090
0.008147
0.008204
0.008261
0.008318
0.008375
0.008432
0.008489
0.008546
0.008603
0.008660
0.008717
0.008774
0.008831
0.008888
0.008945
0.009002
0.009059
0.009116
0.009173
0.009230
0.009287
0.009344
0.009401
0.009458
0.009515
0.009572
0.009629
0.009686
0.009742
0.009799
0.009856
0.009913
0.009970
0.010027
0.010084
0.010141
0.010198
0.010255
0.010312
0.010369
0.010426
0.010483
0.010540
0.010597
0.010654
0.010711
0.010768
0.010825
0.010882
0.010939
0.010996
0.011053
0.011110
0.011167
0.011224
0.011281
0.011338
0.011395
0.011452
0.011509
0.011566
0.011623
0.011680
0.011737
0.011794
0.011850
0.011907
0.011964
0.012021
0.012078
0.012135
0.012192
0.012249
0.012306
0.012363
0.012420
0.012477
0.012534
0.012591
0.012648
0.012705
0.012762
0.012819
0.012876
0.012933
0.012990
0.013047
0.013104
0.013161
0.013218
0.013275
0.013332
0.013389
0.013446
0.013503
0.013560
0.013617
0.013674
0.013731
0.013788
0.013845
0.013902
0.013959
0.014015
0.014072
0.014129
0.014186
0.014243
0.014300
0.014357
0.014414
0.014471
0.014528
0.014585
0.014642
0.014699
0.014756
0.014813
0.014870
0.014927
0.014984
0.015041
0.015098
0.015155
0.015212
0.015269
0.015326
0.015383
0.015440
0.015497
0.015554
0.015611
0.015668
0.015725
0.015782
0.015839
0.015896
0.015953
0.016010
0.016067
0.016124
0.016180
0.016237
0.016294
0.016351
0.016408
0.016465
0.016522
0.016579
0.016636
0.016693
0.016750
0.016807
0.016864
0.016921
0.016978
0.017035
0.017092
0.017149
0.017206
0.017263
0.017320
0.017377
0.017434
0.017491
0.017548
0.017605
0.017662
0.017719
0.017776
0.017833
0.017890
0.017947
0.018004
0.018061
0.018118
0.018175
0.018232
0.018289
0.018345
0.018402
0.018459
0.018516
0.018573
0.018630
0.018687
0.018744
0.018801
0.018858
0.018915
0.018972
0.019029
0.019086
0.019143
0.019200
0.019257
0.019314
0.019371
0.019428
0.019485
0.019542
0.019599
0.019656
0.019713
0.019770
0.019827
0.019884
0.019941
0.019998
0.020055
0.020112
0.020169
0.020226
0.020283
0.020340
0.020397
0.020454
0.020510
0.020567
0.020624
0.020681
0.020738
0.020795
0.020852
0.020909
0.020966
0.021023
0.021080
0.021137
0.021194
0.021251
0.021308
0.021365
0.021422
0.021479
0.021536
0.021593
0.021650
0.021707
0.021764
0.021821
0.021878
0.021935
0.021992
0.022049
0.022106
0.022163
0.022220
0.022277
0.022334
0.022391
0.022448
0.022505
0.022562
0.022618
0.022675
0.022732
0.022789
0.022846
0.022903
0.022960
0.023017
0.023074
0.023131
0.023188
0.023245
0.023302
0.023359
0.023416
0.023473
0.023530
0.023587
0.023644
0.023701
0.023758
0.023815
0.023872
0.023929
0.023986
0.024043
0.024100
0.024157
0.024214
0.024271
0.024328
0.024385
0.024442
0.024499
0.024556
0.024613
0.024670
0.024727
0.024783
0.024840
0.024897
0.024954
0.025011
0.025068
0.025125
0.025182
0.025239
0.025296
0.025353
0.025410
0.025467
0.025524
0.025581
0.025638
0.025695
0.025752
0.025809
0.025866
0.025923
0.025980
0.026037
0.026094
0.026151
0.026208
0.026265
0.026322
0.026379
0.026436
0.026493
0.026550
0.026607
0.026664
0.026721
0.026778
0.026835
0.026892
0.026948
0.027005
0.027062
0.027119
0.027176
0.027233
0.027290
0.027347
0.027404
0.027461
0.027518
0.027575
0.027632
0.027689
0.027746
0.027803
0.027860
0.027917
0.027974
0.028031
0.028088
0.028145
0.028202
0.028259
0.028316
0.028373
0.028430
0.028487
0.028544
0.028601
0.028658
0.028715
0.028772
0.028829
0.028886
0.028943
0.029000
0.029057
0.029113
0.029170
0.029227
0.029284
0.029341
0.029398
0.029455
0.029512
0.029569
0.029626
0.029683
0.029740
0.029797
0.029854
0.029911
0.029968
0.030025
0.030082
0.030139
0.030196
0.030253
0.030310
0.030367
0.030424
0.030481
0.030538
0.030595
0.030652
0.030709
0.030766
0.030823
0.030880
0.030937
0.030994
0.031051
0.031108
0.031165
0.031222
0.031278
0.031335
0.031392
0.031449
0.031506
0.031563
0.031620
0.031677
0.031734
0.031791
0.031848
0.031905
0.031962
0.032019
0.032076
0.032133
0.032190
0.032247
0.032304
0.032361
0.032418
0.032475
0.032532
0.032589
0.032646
0.032703
0.032760
0.032817
0.032874
0.032931
0.032988
0.033045
0.033102
0.033159
0.033216
0.033273
0.033330
0.033386
0.033443
0.033500
0.033557
0.033614
0.033671
0.033728
0.033785
0.033842
0.033899
0.033956
0.034013
0.034070
0.034127
0.034184
0.034241
0.034298
0.034355
0.034412
0.034469
0.034526
0.034583
0.034640
0.034697
0.034754
0.034811
0.034868
0.034925
0.034982
0.035039
0.035096
0.035153
0.035210
0.035267
0.035324
0.035381
0.035438
0.035495
0.035551
0.035608
0.035665
0.035722
0.035779
0.035836
0.035893
0.035950
0.036007
0.036064
0.036121
0.036178
0.036235
0.036292
0.036349
0.036406
0.036463
0.036520
0.036577
0.036634
0.036691
0.036748
0.036805
0.036862
0.036919
0.036976
0.037033
0.037090
0.037147
0.037204
0.037261
0.037318
0.037375
0.037432
0.037489
0.037546
0.037603
0.037660
0.037716
0.037773
0.037830
0.037887
0.037944
0.038001
0.038058
0.038115
0.038172
0.038229
0.038286
0.038343
0.038400
0.038457
0.038514
0.038571
0.038628
0.038685
0.038742
0.038799
0.038856
0.038913
0.038970
0.039027
0.039084
0.039141
0.039198
0.039255
0.039312
0.039369
0.039426
0.039483
0.039540
0.039597
0.039654
0.039711
0.039768
0.039825
0.039881
0.039938
0.039995
0.040052
0.040109
0.040166
0.040223
0.040280
0.040337
0.040394
0.040451
0.040508
0.040565
0.040622
0.040679
0.040736
0.040793
0.040850
0.040907
0.040964
0.041021
0.041078
0.041135
0.041192
0.041249
0.041306
0.041363
0.041420
0.041477
0.041534
0.041591
0.041648
0.041705
0.041762
0.041819
0.041876
0.041933
0.041990
0.042046
0.042103
0.042160
0.042217
0.042274
0.042331
0.042388
0.042445
0.042502
0.042559
0.042616
0.042673
0.042730
0.042787
0.042844
0.042901
0.042958
0.043015
0.043072
0.043129
0.043186
0.043243
0.043300
0.043357
0.043414
0.043471
0.043528
0.043585
0.043642
0.043699
0.043756
0.043813
0.043870
0.043927
0.043984
0.044041
0.044098
0.044154
0.044211
0.044268
0.044325
0.044382
0.044439
0.044496
0.044553
0.044610
0.044667
0.044724
0.044781
0.044838
0.044895
0.044952
0.045009
0.045066
0.045123
0.045180
0.045237
0.045294
0.045351
0.045408
0.045465
0.045522
0.045579
0.045636
0.045693
0.045750
0.045807
0.045864
0.045921
0.045978
0.046035
0.046092
0.046149
0.046206
0.046263
0.046319
0.046376
0.046433
0.046490
0.046547
0.046604
0.046661
0.046718
0.046775
0.046832
0.046889
0.046946
0.047003
0.047060
0.047117
0.047174
0.047231
0.047288
0.047345
0.047402
0.047459
0.047516
0.047573
0.047630
0.047687
0.047744
0.047801
0.047858
0.047915
0.047972
0.048029
0.048086
0.048143
0.048200
0.048257
0.048314
0.048371
0.048428
0.048484
0.048541
0.048598
0.048655
0.048712
0.048769
0.048826
0.048883
0.048940
0.048997
0.049054
0.049111
0.049168
0.049225
0.049282
0.049339
0.049396
0.049453
0.049510
0.049567
0.049624
0.049681
0.049738
0.049795
0.049852
0.049909
0.049966
0.050023
0.050080
0.050137
0.050194
0.050251
0.050308
0.050365
0.050422
0.050479
0.050536
0.050593
0.050649
0.050706
0.050763
0.050820
0.050877
0.050934
0.050991
0.051048
0.051105
0.051162
0.051219
0.051276
0.051333
0.051390
0.051447
0.051504
0.051561
0.051618
0.051675
0.051732
0.051789
0.051846
0.051903
0.051960
0.052017
0.052074
0.052131
0.052188
0.052245
0.052302
0.052359
0.052416
0.052473
0.052530
0.052587
0.052644
0.052701
0.052758
0.052814
0.052871
0.052928
0.052985
0.053042
0.053099
0.053156
0.053213
0.053270
0.053327
0.053384
0.053441
0.053498
0.053555
0.053612
0.053669
0.053726
0.053783
0.053840
0.053897
0.053954
0.054011
0.054068
0.054125
0.054182
0.054239
0.054296
0.054353
0.054410
0.054467
0.054524
0.054581
0.054638
0.054695
0.054752
0.054809
0.054866
0.054922
0.054979
0.055036
0.055093
0.055150
0.055207
0.055264
0.055321
0.055378
0.055435
0.055492
0.055549
0.055606
0.055663
0.055720
0.055777
0.055834
0.055891
0.055948
0.056005
0.056062
0.056119
0.056176
0.056233
0.056290
0.056347
0.056404
0.056461
0.056518
0.056575
0.056632
0.056689
0.056746
0.056803
0.056860
0.056917
0.056974
0.057031
0.057087
0.057144
0.057201
0.057258
0.057315
0.057372
0.057429
0.057486
0.057543
0.057600
0.057657
0.057714
0.057771
0.057828
0.057885
0.057942
0.057999
0.058056
0.058113
0.058170
0.058227
0.058284
0.058341
0.058398
0.058455
0.058512
0.058569
0.058626
0.058683
0.058740
0.058797
0.058854
0.058911
0.058968
0.059025
0.059082
0.059139
0.059196
0.059252
0.059309
0.059366
0.059423
0.059480
0.059537
0.059594
0.059651
0.059708
0.059765
0.059822
0.059879
0.059936
0.059993
0.060050
0.060107
0.060164
0.060221
0.060278
0.060335
0.060392
0.060449
0.060506
0.060563
0.060620
0.060677
0.060734
0.060791
0.060848
0.060905
0.060962
0.061019
0.061076
0.061133
0.061190
0.061247
0.061304
0.061361
0.061417
0.061474
0.061531
0.061588
0.061645
0.061702
0.061759
0.061816
0.061873
0.061930
0.061987
0.062044
0.062101
0.062158
0.062215
0.062272
0.062329
0.062386
0.062443
0.062500
0.062557
0.062614
0.062671
0.062728
0.062785
0.062842
0.062899
0.062956
0.063013
0.063070
0.063127
0.063184
0.063241
0.063298
0.063355
0.063412
0.063469
0.063526
0.063582
0.063639
0.063696
0.063753
0.063810
0.063867
0.063924
0.063981
0.064038
0.064095
0.064152
0.064209
0.064266
0.064323
0.064380
0.064437
0.064494
0.064551
0.064608
0.064665
0.064722
0.064779
0.064836
0.064893
0.064950
0.065007
0.065064
0.065121
0.065178
0.065235
0.065292
0.065349
0.065406
0.065463
0.065520
0.065577
0.065634
0.065690
0.065747
0.065804
0.065861
0.065918
0.065975
0.066032
0.066089
0.066146
0.066203
0.066260
0.066317
0.066374
0.066431
0.066488
0.066545
0.066602
0.066659
0.066716
0.066773
0.066830
0.066887
0.066944
0.067001
0.067058
0.067115
0.067172
0.067229
0.067286
0.067343
0.067400
0.067457
0.067514
0.067571
0.067628
0.067685
0.067742
0.067799
0.067855
0.067912
0.067969
0.068026
0.068083
0.068140
0.068197
0.068254
0.068311
0.068368
0.068425
0.068482
0.068539
0.068596
0.068653
0.068710
0.068767
0.068824
0.068881
0.068938
0.068995
0.069052
0.069109
0.069166
0.069223
0.069280
0.069337
0.069394
0.069451
0.069508
0.069565
0.069622
0.069679
0.069736
0.069793
0.069850
0.069907
0.069964
0.070020
0.070077
0.070134
0.070191
0.070248
0.070305
0.070362
0.070419
0.070476
0.070533
0.070590
0.070647
0.070704
0.070761
0.070818
0.070875
0.070932
0.070989
0.071046
0.071103
0.071160
0.071217
0.071274
0.071331
0.071388
0.071445
0.071502
0.071559
0.071616
0.071673
0.071730
0.071787
0.071844
0.071901
0.071958
0.072015
0.072072
0.072129
0.072185
0.072242
0.072299
0.072356
0.072413
0.072470
0.072527
0.072584
0.072641
0.072698
0.072755
0.072812
0.072869
0.072926
0.072983
0.073040
0.073097
0.073154
0.073211
0.073268
0.073325
0.073382
0.073439
0.073496
0.073553
0.073610
0.073667
0.073724
0.073781
0.073838
0.073895
0.073952
0.074009
0.074066
0.074123
0.074180
0.074237
0.074294
0.074350
0.074407
0.074464
0.074521
0.074578
0.074635
0.074692
0.074749
0.074806
0.074863
0.074920
0.074977
0.075034
0.075091
0.075148
0.075205
0.075262
0.075319
0.075376
0.075433
0.075490
0.075547
0.075604
0.075661
0.075718
0.075775
0.075832
0.075889
0.075946
0.076003
0.076060
0.076117
0.076174
0.076231
0.076288
0.076345
0.076402
0.076458
0.076515
0.076572
0.076629
0.076686
0.076743
0.076800
0.076857
0.076914
0.076971
0.077028
0.077085
0.077142
0.077199
0.077256
0.077313
0.077370
0.077427
0.077484
0.077541
0.077598
0.077655
0.077712
0.077769
0.077826
0.077883
0.077940
0.077997
0.078054
0.078111
0.078168
0.078225
0.078282
0.078339
0.078396
0.078453
0.078510
0.078567
0.078623
0.078680
0.078737
0.078794
0.078851
0.078908
0.078965
0.079022
0.079079
0.079136
0.079193
0.079250
0.079307
0.079364
0.079421
0.079478
0.079535
0.079592
0.079649
0.079706
0.079763
0.079820
0.079877
0.079934
0.079991
0.080048
0.080105
0.080162
0.080219
0.080276
0.080333
0.080390
0.080447
0.080504
0.080561
0.080618
0.080675
0.080732
0.080788
0.080845
0.080902
0.080959
0.081016
0.081073
0.081130
0.081187
0.081244
0.081301
0.081358
0.081415
0.081472
0.081529
0.081586
0.081643
0.081700
0.081757
0.081814
0.081871
0.081928
0.081985
0.082042
0.082099
0.082156
0.082213
0.082270
0.082327
0.082384
0.082441
0.082498
0.082555
0.082612
0.082669
0.082726
0.082783
0.082840
0.082897
0.082953
0.083010
0.083067
0.083124
0.083181
0.083238
0.083295
0.083352
0.083409
0.083466
0.083523
0.083580
0.083637
0.083694
0.083751
0.083808
0.083865
0.083922
0.083979
0.084036
0.084093
0.084150
0.084207
0.084264
0.084321
0.084378
0.084435
0.084492
0.084549
0.084606
0.084663
0.084720
0.084777
0.084834
0.084891
0.084948
0.085005
0.085062
0.085118
0.085175
0.085232
0.085289
0.085346
0.085403
0.085460
0.085517
0.085574
0.085631
0.085688
0.085745
0.085802
0.085859
0.085916
0.085973
0.086030
0.086087
0.086144
0.086201
0.086258
0.086315
0.086372
0.086429
0.086486
0.086543
0.086600
0.086657
0.086714
0.086771
0.086828
0.086885
0.086942
0.086999
0.087056
0.087113
0.087170
0.087226
0.087283
0.087340
0.087397
0.087454
0.087511
0.087568
0.087625
0.087682
0.087739
0.087796
0.087853
0.087910
0.087967
0.088024
0.088081
0.088138
0.088195
0.088252
0.088309
0.088366
0.088423
0.088480
0.088537
0.088594
0.088651
0.088708
0.088765
0.088822
0.088879
0.088936
0.088993
0.089050
0.089107
0.089164
0.089221
0.089278
0.089335
0.089391
0.089448
0.089505
0.089562
0.089619
0.089676
0.089733
0.089790
0.089847
0.089904
0.089961
0.090018
0.090075
0.090132
0.090189
0.090246
0.090303
0.090360
0.090417
0.090474
0.090531
0.090588
0.090645
0.090702
0.090759
0.090816
0.090873
0.090930
0.090987
0.091044
0.091101
0.091158
0.091215
0.091272
0.091329
0.091386
0.091443
0.091500
0.091556
0.091613
0.091670
0.091727
0.091784
0.091841
0.091898
0.091955
0.092012
0.092069
0.092126
0.092183
0.092240
0.092297
0.092354
0.092411
0.092468
0.092525
0.092582
0.092639
0.092696
0.092753
0.092810
0.092867
0.092924
0.092981
0.093038
0.093095
0.093152
0.093209
0.093266
0.093323
0.093380
0.093437
0.093494
0.093551
0.093608
0.093665
0.093721
0.093778
0.093835
0.093892
0.093949
0.094006
0.094063
0.094120
0.094177
0.094234
0.094291
0.094348
0.094405
0.094462
0.094519
0.094576
0.094633
0.094690
0.094747
0.094804
0.094861
0.094918
0.094975
0.095032
0.095089
0.095146
0.095203
0.095260
0.095317
0.095374
0.095431
0.095488
0.095545
0.095602
0.095659
0.095716
0.095773
0.095830
0.095886
0.095943
0.096000
0.096057
0.096114
0.096171
0.096228
0.096285
0.096342
0.096399
0.096456
0.096513
0.096570
0.096627
0.096684
0.096741
0.096798
0.096855
0.096912
0.096969
0.097026
0.097083
0.097140
0.097197
0.097254
0.097311
0.097368
0.097425
0.097482
0.097539
0.097596
0.097653
0.097710
0.097767
0.097824
0.097881
0.097938
0.097994
0.098051
0.098108
0.098165
0.098222
0.098279
0.098336
0.098393
0.098450
0.098507
0.098564
0.098621
0.098678
0.098735
0.098792
0.098849
0.098906
0.098963
0.099020
0.099077
0.099134
0.099191
0.099248
0.099305
0.099362
0.099419
0.099476
0.099533
0.099590
0.099647
0.099704
0.099761
0.099818
0.099875
0.099932
0.099989
0.100046
0.100103
0.100159
0.100216
0.100273
0.100330
0.100387
0.100444
0.100501
0.100558
0.100615
0.100672
0.100729
0.100786
0.100843
0.100900
0.100957
0.101014
0.101071
0.101128
0.101185
0.101242
0.101299
0.101356
0.101413
0.101470
0.101527
0.101584
0.101641
0.101698
0.101755
0.101812
0.101869
0.101926
0.101983
0.102040
0.102097
0.102154
0.102211
0.102268
0.102324
0.102381
0.102438
0.102495
0.102552
0.102609
0.102666
0.102723
0.102780
0.102837
0.102894
0.102951
0.103008
0.103065
0.103122
0.103179
0.103236
0.103293
0.103350
0.103407
0.103464
0.103521
0.103578
0.103635
0.103692
0.103749
0.103806
0.103863
0.103920
0.103977
0.104034
0.104091
0.104148
0.104205
0.104262
0.104319
0.104376
0.104433
0.104489
0.104546
0.104603
0.104660
0.104717
0.104774
0.104831
0.104888
0.104945
0.105002
0.105059
0.105116
0.105173
0.105230
0.105287
0.105344
0.105401
0.105458
0.105515
0.105572
0.105629
0.105686
0.105743
0.105800
0.105857
0.105914
0.105971
0.106028
0.106085
0.106142
0.106199
0.106256
0.106313
0.106370
0.106427
0.106484
0.106541
0.106598
0.106654
0.106711
0.106768
0.106825
0.106882
0.106939
0.106996
0.107053
0.107110
0.107167
0.107224
0.107281
0.107338
0.107395
0.107452
0.107509
0.107566
0.107623
0.107680
0.107737
0.107794
0.107851
0.107908
0.107965
0.108022
0.108079
0.108136
0.108193
0.108250
0.108307
0.108364
0.108421
0.108478
0.108535
0.108592
0.108649
0.108706
0.108762
0.108819
0.108876
0.108933
0.108990
0.109047
0.109104
0.109161
0.109218
0.109275
0.109332
0.109389
0.109446
0.109503
0.109560
0.109617
0.109674
0.109731
0.109788
0.109845
0.109902
0.109959
0.110016
0.110073
0.110130
0.110187
0.110244
0.110301
0.110358
0.110415
0.110472
0.110529
0.110586
0.110643
0.110700
0.110757
0.110814
0.110871
0.110927
0.110984
0.111041
0.111098
0.111155
0.111212
0.111269
0.111326
0.111383
0.111440
0.111497
0.111554
0.111611
0.111668
0.111725
0.111782
0.111839
0.111896
0.111953
0.112010
0.112067
0.112124
0.112181
0.112238
0.112295
0.112352
0.112409
0.112466
0.112523
0.112580
0.112637
0.112694
0.112751
0.112808
0.112865
0.112922
0.112979
0.113036
0.113092
0.113149
0.113206
0.113263
0.113320
0.113377
0.113434
0.113491
0.113548
0.113605
0.113662
0.113719
0.113776
0.113833
0.113890
0.113947
0.114004
0.114061
0.114118
0.114175
0.114232
0.114289
0.114346
0.114403
0.114460
0.114517
0.114574
0.114631
0.114688
0.114745
0.114802
0.114859
0.114916
0.114973
0.115030
0.115087
0.115144
0.115201
0.115257
0.115314
0.115371
0.115428
0.115485
0.115542
0.115599
0.115656
0.115713
0.115770
0.115827
0.115884
0.115941
0.115998
0.116055
0.116112
0.116169
0.116226
0.116283
0.116340
0.116397
0.116454
0.116511
0.116568
0.116625
0.116682
0.116739
0.116796
0.116853
0.116910
0.116967
0.117024
0.117081
0.117138
0.117195
0.117252
0.117309
0.117366
0.117422
0.117479
0.117536
0.117593
0.117650
0.117707
0.117764
0.117821
0.117878
0.117935
0.117992
0.118049
0.118106
0.118163
0.118220
0.118277
0.118334
0.118391
0.118448
0.118505
0.118562
0.118619
0.118676
0.118733
0.118790
0.118847
0.118904
0.118961
0.119018
0.119075
0.119132
0.119189
0.119246
0.119303
0.119360
0.119417
0.119474
0.119530
0.119587
0.119644
0.119701
0.119758
0.119815
0.119872
0.119929
0.119986
0.120043
0.120100
0.120157
0.120214
0.120271
0.120328
0.120385
0.120442
0.120499
0.120556
0.120613
0.120670
0.120727
0.120784
0.120841
0.120898
0.120955
0.121012
0.121069
0.121126
0.121183
0.121240
0.121297
0.121354
0.121411
0.121468
0.121525
0.121582
0.121639
0.121695
0.121752
0.121809
0.121866
0.121923
0.121980
0.122037
0.122094
0.122151
0.122208
0.122265
0.122322
0.122379
0.122436
0.122493
0.122550
0.122607
0.122664
0.122721
0.122778
0.122835
0.122892
0.122949
0.123006
0.123063
0.123120
0.123177
0.123234
0.123291
0.123348
0.123405
0.123462
0.123519
0.123576
0.123633
0.123690
0.123747
0.123804
0.123860
0.123917
0.123974
0.124031
0.124088
0.124145
0.124202
0.124259
0.124316
0.124373
0.124430
0.124487
0.124544
0.124601
0.124658
0.124715
0.124772
0.124829
0.124886
0.124943
0.125000
0.125057
0.125114
0.125171
0.125228
0.125285
0.125342
0.125399
0.125456
0.125513
0.125570
0.125627
0.125684
0.125741
0.125798
0.125855
0.125912
0.125969
0.126025
0.126082
0.126139
0.126196
0.126253
0.126310
0.126367
0.126424
0.126481
0.126538
0.126595
0.126652
0.126709
0.126766
0.126823
0.126880
0.126937
0.126994
0.127051
0.127108
0.127165
0.127222
0.127279
0.127336
0.127393
0.127450
0.127507
0.127564
0.127621
0.127678
0.127735
0.127792
0.127849
0.127906
0.127963
0.128020
0.128077
0.128134
0.128190
0.128247
0.128304
0.128361
0.128418
0.128475
0.128532
0.128589
0.128646
0.128703
0.128760
0.128817
0.128874
0.128931
0.128988
0.129045
0.129102
0.129159
0.129216
0.129273
0.129330
0.129387
0.129444
0.129501
0.129558
0.129615
0.129672
0.129729
0.129786
0.129843
0.129900
0.129957
0.130014
0.130071
0.130128
0.130185
0.130242
0.130298
0.130355
0.130412
0.130469
0.130526
0.130583
0.130640
0.130697
0.130754
0.130811
0.130868
0.130925
0.130982
0.131039
0.131096
0.131153
0.131210
0.131267
0.131324
0.131381
0.131438
0.131495
0.131552
0.131609
0.131666
0.131723
0.131780
0.131837
0.131894
0.131951
0.132008
0.132065
0.132122
0.132179
0.132236
0.132293
0.132350
0.132407
0.132463
0.132520
0.132577
0.132634
0.132691
0.132748
0.132805
0.132862
0.132919
0.132976
0.133033
0.133090
0.133147
0.133204
0.133261
0.133318
0.133375
0.133432
0.133489
0.133546
0.133603
0.133660
0.133717
0.133774
0.133831
0.133888
0.133945
0.134002
0.134059
0.134116
0.134173
0.134230
0.134287
0.134344
0.134401
0.134458
0.134515
0.134572
0.134628
0.134685
0.134742
0.134799
0.134856
0.134913
0.134970
0.135027
0.135084
0.135141
0.135198
0.135255
0.135312
0.135369
0.135426
0.135483
0.135540
0.135597
0.135654
0.135711
0.135768
0.135825
0.135882
0.135939
0.135996
0.136053
0.136110
0.136167
0.136224
0.136281
0.136338
0.136395
0.136452
0.136509
0.136566
0.136623
0.136680
0.136737
0.136793
0.136850
0.136907
0.136964
0.137021
0.137078
0.137135
0.137192
0.137249
0.137306
0.137363
0.137420
0.137477
0.137534
0.137591
0.137648
0.137705
0.137762
0.137819
0.137876
0.137933
0.137990
0.138047
0.138104
0.138161
0.138218
0.138275
0.138332
0.138389
0.138446
0.138503
0.138560
0.138617
0.138674
0.138731
0.138788
0.138845
0.138902
0.138958
0.139015
0.139072
0.139129
0.139186
0.139243
0.139300
0.139357
0.139414
0.139471
0.139528
0.139585
0.139642
0.139699
0.139756
0.139813
0.139870
0.139927
0.139984
0.140041
0.140098
0.140155
0.140212
0.140269
0.140326
0.140383
0.140440
0.140497
0.140554
0.140611
0.140668
0.140725
0.140782
0.140839
0.140896
0.140953
0.141010
0.141067
0.141123
0.141180
0.141237
0.141294
0.141351
0.141408
0.141465
0.141522
0.141579
0.141636
0.141693
0.141750
0.141807
0.141864
0.141921
0.141978
0.142035
0.142092
0.142149
0.142206
0.142263
0.142320
0.142377
0.142434
0.142491
0.142548
0.142605
0.142662
0.142719
0.142776
0.142833
0.142890
0.142947
0.143004
0.143061
0.143118
0.143175
0.143231
0.143288
0.143345
0.143402
0.143459
0.143516
0.143573
0.143630
0.143687
0.143744
0.143801
0.143858
0.143915
0.143972
0.144029
0.144086
0.144143
0.144200
0.144257
0.144314
0.144371
0.144428
0.144485
0.144542
0.144599
0.144656
0.144713
0.144770
0.144827
0.144884
0.144941
0.144998
0.145055
0.145112
0.145169
0.145226
0.145283
0.145340
0.145396
0.145453
0.145510
0.145567
0.145624
0.145681
0.145738
0.145795
0.145852
0.145909
0.145966
0.146023
0.146080
0.146137
0.146194
0.146251
0.146308
0.146365
0.146422
0.146479
0.146536
0.146593
0.146650
0.146707
0.146764
0.146821
0.146878
0.146935
0.146992
0.147049
0.147106
0.147163
0.147220
0.147277
0.147334
0.147391
0.147448
0.147505
0.147561
0.147618
0.147675
0.147732
0.147789
0.147846
0.147903
0.147960
0.148017
0.148074
0.148131
0.148188
0.148245
0.148302
0.148359
0.148416
0.148473
0.148530
0.148587
0.148644
0.148701
0.148758
0.148815
0.148872
0.148929
0.148986
0.149043
0.149100
0.149157
0.149214
0.149271
0.149328
0.149385
0.149442
0.149499
0.149556
0.149613
0.149669
0.149726
0.149783
0.149840
0.149897
0.149954
0.150011
0.150068
0.150125
0.150182
0.150239
0.150296
0.150353
0.150410
0.150467
0.150524
0.150581
0.150638
0.150695
0.150752
0.150809
0.150866
0.150923
0.150980
0.151037
0.151094
0.151151
0.151208
0.151265
0.151322
0.151379
0.151436
0.151493
0.151550
0.151607
0.151664
0.151721
0.151778
0.151835
0.151891
0.151948
0.152005
0.152062
0.152119
0.152176
0.152233
0.152290
0.152347
0.152404
0.152461
0.152518
0.152575
0.152632
0.152689
0.152746
0.152803
0.152860
0.152917
0.152974
0.153031
0.153088
0.153145
0.153202
0.153259
0.153316
0.153373
0.153430
0.153487
0.153544
0.153601
0.153658
0.153715
0.153772
0.153829
0.153886
0.153943
0.153999
0.154056
0.154113
0.154170
0.154227
0.154284
0.154341
0.154398
0.154455
0.154512
0.154569
0.154626
0.154683
0.154740
0.154797
0.154854
0.154911
0.154968
0.155025
0.155082
0.155139
0.155196
0.155253
0.155310
0.155367
0.155424
0.155481
0.155538
0.155595
0.155652
0.155709
0.155766
0.155823
0.155880
0.155937
0.155994
0.156051
0.156108
0.156164
0.156221
0.156278
0.156335
0.156392
0.156449
0.156506
0.156563
0.156620
0.156677
0.156734
0.156791
0.156848
0.156905
0.156962
0.157019
0.157076
0.157133
0.157190
0.157247
0.157304
0.157361
0.157418
0.157475
0.157532
0.157589
0.157646
0.157703
0.157760
0.157817
0.157874
0.157931
0.157988
0.158045
0.158102
0.158159
0.158216
0.158273
0.158329
0.158386
0.158443
0.158500
0.158557
0.158614
0.158671
0.158728
0.158785
0.158842
0.158899
0.158956
0.159013
0.159070
0.159127
0.159184
0.159241
0.159298
0.159355
0.159412
0.159469
0.159526
0.159583
0.159640
0.159697
0.159754
0.159811
0.159868
0.159925
0.159982
0.160039
0.160096
0.160153
0.160210
0.160267
0.160324
0.160381
0.160438
0.160494
0.160551
0.160608
0.160665
0.160722
0.160779
0.160836
0.160893
0.160950
0.161007
0.161064
0.161121
0.161178
0.161235
0.161292
0.161349
0.161406
0.161463
0.161520
0.161577
0.161634
0.161691
0.161748
0.161805
0.161862
0.161919
0.161976
0.162033
0.162090
0.162147
0.162204
0.162261
0.162318
0.162375
0.162432
0.162489
0.162546
0.162602
0.162659
0.162716
0.162773
0.162830
0.162887
0.162944
0.163001
0.163058
0.163115
0.163172
0.163229
0.163286
0.163343
0.163400
0.163457
0.163514
0.163571
0.163628
0.163685
0.163742
0.163799
0.163856
0.163913
0.163970
0.164027
0.164084
0.164141
0.164198
0.164255
0.164312
0.164369
0.164426
0.164483
0.164540
0.164597
0.164654
0.164711
0.164767
0.164824
0.164881
0.164938
0.164995
0.165052
0.165109
0.165166
0.165223
0.165280
0.165337
0.165394
0.165451
0.165508
0.165565
0.165622
0.165679
0.165736
0.165793
0.165850
0.165907
0.165964
0.166021
0.166078
0.166135
0.166192
0.166249
0.166306
0.166363
0.166420
0.166477
0.166534
0.166591
0.166648
0.166705
0.166762
0.166819
0.166876
0.166932
0.166989
0.167046
0.167103
0.167160
0.167217
0.167274
0.167331
0.167388
0.167445
0.167502
0.167559
0.167616
0.167673
0.167730
0.167787
0.167844
0.167901
0.167958
0.168015
0.168072
0.168129
0.168186
0.168243
0.168300
0.168357
0.168414
0.168471
0.168528
0.168585
0.168642
0.168699
0.168756
0.168813
0.168870
0.168927
0.168984
0.169041
0.169097
0.169154
0.169211
0.169268
0.169325
0.169382
0.169439
0.169496
0.169553
0.169610
0.169667
0.169724
0.169781
0.169838
0.169895
0.169952
0.170009
0.170066
0.170123
0.170180
0.170237
0.170294
0.170351
0.170408
0.170465
0.170522
0.170579
0.170636
0.170693
0.170750
0.170807
0.170864
0.170921
0.170978
0.171035
0.171092
0.171149
0.171206
0.171262
0.171319
0.171376
0.171433
0.171490
0.171547
0.171604
0.171661
0.171718
0.171775
0.171832
0.171889
0.171946
0.172003
0.172060
0.172117
0.172174
0.172231
0.172288
0.172345
0.172402
0.172459
0.172516
0.172573
0.172630
0.172687
0.172744
0.172801
0.172858
0.172915
0.172972
0.173029
0.173086
0.173143
0.173200
0.173257
0.173314
0.173370
0.173427
0.173484
0.173541
0.173598
0.173655
0.173712
0.173769
0.173826
0.173883
0.173940
0.173997
0.174054
0.174111
0.174168
0.174225
0.174282
0.174339
0.174396
0.174453
0.174510
0.174567
0.174624
0.174681
0.174738
0.174795
0.174852
0.174909
0.174966
0.175023
0.175080
0.175137
0.175194
0.175251
0.175308
0.175365
0.175422
0.175479
0.175536
0.175592
0.175649
0.175706
0.175763
0.175820
0.175877
0.175934
0.175991
0.176048
0.176105
0.176162
0.176219
0.176276
0.176333
0.176390
0.176447
0.176504
0.176561
0.176618
0.176675
0.176732
0.176789
0.176846
0.176903
0.176960
0.177017
0.177074
0.177131
0.177188
0.177245
0.177302
0.177359
0.177416
0.177473
0.177530
0.177587
0.177644
0.177700
0.177757
0.177814
0.177871
0.177928
0.177985
0.178042
0.178099
0.178156
0.178213
0.178270
0.178327
0.178384
0.178441
0.178498
0.178555
0.178612
0.178669
0.178726
0.178783
0.178840
0.178897
0.178954
0.179011
0.179068
0.179125
0.179182
0.179239
0.179296
0.179353
0.179410
0.179467
0.179524
0.179581
0.179638
0.179695
0.179752
0.179809
0.179865
0.179922
0.179979
0.180036
0.180093
0.180150
0.180207
0.180264
0.180321
0.180378
0.180435
0.180492
0.180549
0.180606
0.180663
0.180720
0.180777
0.180834
0.180891
0.180948
0.181005
0.181062
0.181119
0.181176
0.181233
0.181290
0.181347
0.181404
0.181461
0.181518
0.181575
0.181632
0.181689
0.181746
0.181803
0.181860
0.181917
0.181974
0.182030
0.182087
0.182144
0.182201
0.182258
0.182315
0.182372
0.182429
0.182486
0.182543
0.182600
0.182657
0.182714
0.182771
0.182828
0.182885
0.182942
0.182999
0.183056
0.183113
0.183170
0.183227
0.183284
0.183341
0.183398
0.183455
0.183512
0.183569
0.183626
0.183683
0.183740
0.183797
0.183854
0.183911
0.183968
0.184025
0.184082
0.184139
0.184195
0.184252
0.184309
0.184366
0.184423
0.184480
0.184537
0.184594
0.184651
0.184708
0.184765
0.184822
0.184879
0.184936
0.184993
0.185050
0.185107
0.185164
0.185221
0.185278
0.185335
0.185392
0.185449
0.185506
0.185563
0.185620
0.185677
0.185734
0.185791
0.185848
0.185905
0.185962
0.186019
0.186076
0.186133
0.186190
0.186247
0.186303
0.186360
0.186417
0.186474
0.186531
0.186588
0.186645
0.186702
0.186759
0.186816
0.186873
0.186930
0.186987
0.187044
0.187101
0.187158
0.187215
0.187272
0.187329
0.187386
0.187443
0.187500
0.187557
0.187614
0.187671
0.187728
0.187785
0.187842
0.187899
0.187956
0.188013
0.188070
0.188127
0.188184
0.188241
0.188298
0.188355
0.188412
0.188468
0.188525
0.188582
0.188639
0.188696
0.188753
0.188810
0.188867
0.188924
0.188981
0.189038
0.189095
0.189152
0.189209
0.189266
0.189323
0.189380
0.189437
0.189494
0.189551
0.189608
0.189665
0.189722
0.189779
0.189836
0.189893
0.189950
0.190007
0.190064
0.190121
0.190178
0.190235
0.190292
0.190349
0.190406
0.190463
0.190520
0.190577
0.190633
0.190690
0.190747
0.190804
0.190861
0.190918
0.190975
0.191032
0.191089
0.191146
0.191203
0.191260
0.191317
0.191374
0.191431
0.191488
0.191545
0.191602
0.191659
0.191716
0.191773
0.191830
0.191887
0.191944
0.192001
0.192058
0.192115
0.192172
0.192229
0.192286
0.192343
0.192400
0.192457
0.192514
0.192571
0.192628
0.192685
0.192741
0.192798
0.192855
0.192912
0.192969
0.193026
0.193083
0.193140
0.193197
0.193254
0.193311
0.193368
0.193425
0.193482
0.193539
0.193596
0.193653
0.193710
0.193767
0.193824
0.193881
0.193938
0.193995
0.194052
0.194109
0.194166
0.194223
0.194280
0.194337
0.194394
0.194451
0.194508
0.194565
0.194622
0.194679
0.194736
0.194793
0.194850
0.194907
0.194963
0.195020
0.195077
0.195134
0.195191
0.195248
0.195305
0.195362
0.195419
0.195476
0.195533
0.195590
0.195647
0.195704
0.195761
0.195818
0.195875
0.195932
0.195989
0.196046
0.196103
0.196160
0.196217
0.196274
0.196331
0.196388
0.196445
0.196502
0.196559
0.196616
0.196673
0.196730
0.196787
0.196844
0.196901
0.196958
0.197015
0.197071
0.197128
0.197185
0.197242
0.197299
0.197356
0.197413
0.197470
0.197527
0.197584
0.197641
0.197698
0.197755
0.197812
0.197869
0.197926
0.197983
0.198040
0.198097
0.198154
0.198211
0.198268
0.198325
0.198382
0.198439
0.198496
0.198553
0.198610
0.198667
0.198724
0.198781
0.198838
0.198895
0.198952
0.199009
0.199066
0.199123
0.199180
0.199236
0.199293
0.199350
0.199407
0.199464
0.199521
0.199578
0.199635
0.199692
0.199749
0.199806
0.199863
0.199920
0.199977
0.200034
0.200091
0.200148
0.200205
0.200262
0.200319
0.200376
0.200433
0.200490
0.200547
0.200604
0.200661
0.200718
0.200775
0.200832
0.200889
0.200946
0.201003
0.201060
0.201117
0.201174
0.201231
0.201288
0.201345
0.201401
0.201458
0.201515
0.201572
0.201629
0.201686
0.201743
0.201800
0.201857
0.201914
0.201971
0.202028
0.202085
0.202142
0.202199
0.202256
0.202313
0.202370
0.202427
0.202484
0.202541
0.202598
0.202655
0.202712
0.202769
0.202826
0.202883
0.202940
0.202997
0.203054
0.203111
0.203168
0.203225
0.203282
0.203339
0.203396
0.203453
0.203510
0.203566
0.203623
0.203680
0.203737
0.203794
0.203851
0.203908
0.203965
0.204022
0.204079
0.204136
0.204193
0.204250
0.204307
0.204364
0.204421
0.204478
0.204535
0.204592
0.204649
0.204706
0.204763
0.204820
0.204877
0.204934
0.204991
0.205048
0.205105
0.205162
0.205219
0.205276
0.205333
0.205390
0.205447
0.205504
0.205561
0.205618
0.205674
0.205731
0.205788
0.205845
0.205902
0.205959
0.206016
0.206073
0.206130
0.206187
0.206244
0.206301
0.206358
0.206415
0.206472
0.206529
0.206586
0.206643
0.206700
0.206757
0.206814
0.206871
0.206928
0.206985
0.207042
0.207099
0.207156
0.207213
0.207270
0.207327
0.207384
0.207441
0.207498
0.207555
0.207612
0.207669
0.207726
0.207783
0.207839
0.207896
0.207953
0.208010
0.208067
0.208124
0.208181
0.208238
0.208295
0.208352
0.208409
0.208466
0.208523
0.208580
0.208637
0.208694
0.208751
0.208808
0.208865
0.208922
0.208979
0.209036
0.209093
0.209150
0.209207
0.209264
0.209321
0.209378
0.209435
0.209492
0.209549
0.209606
0.209663
0.209720
0.209777
0.209834
0.209891
0.209948
0.210004
0.210061
0.210118
0.210175
0.210232
0.210289
0.210346
0.210403
0.210460
0.210517
0.210574
0.210631
0.210688
0.210745
0.210802
0.210859
0.210916
0.210973
0.211030
0.211087
0.211144
0.211201
0.211258
0.211315
0.211372
0.211429
0.211486
0.211543
0.211600
0.211657
0.211714
0.211771
0.211828
0.211885
0.211942
0.211999
0.212056
0.212113
0.212169
0.212226
0.212283
0.212340
0.212397
0.212454
0.212511
0.212568
0.212625
0.212682
0.212739
0.212796
0.212853
0.212910
0.212967
0.213024
0.213081
0.213138
0.213195
0.213252
0.213309
0.213366
0.213423
0.213480
0.213537
0.213594
0.213651
0.213708
0.213765
0.213822
0.213879
0.213936
0.213993
0.214050
0.214107
0.214164
0.214221
0.214278
0.214334
0.214391
0.214448
0.214505
0.214562
0.214619
0.214676
0.214733
0.214790
0.214847
0.214904
0.214961
0.215018
0.215075
0.215132
0.215189
0.215246
0.215303
0.215360
0.215417
0.215474
0.215531
0.215588
0.215645
0.215702
0.215759
0.215816
0.215873
0.215930
0.215987
0.216044
0.216101
0.216158
0.216215
0.216272
0.216329
0.216386
0.216442
0.216499
0.216556
0.216613
0.216670
0.216727
0.216784
0.216841
0.216898
0.216955
0.217012
0.217069
0.217126
0.217183
0.217240
0.217297
0.217354
0.217411
0.217468
0.217525
0.217582
0.217639
0.217696
0.217753
0.217810
0.217867
0.217924
0.217981
0.218038
0.218095
0.218152
0.218209
0.218266
0.218323
0.218380
0.218437
0.218494
0.218551
0.218608
0.218664
0.218721
0.218778
0.218835
0.218892
0.218949
0.219006
0.219063
0.219120
0.219177
0.219234
0.219291
0.219348
0.219405
0.219462
0.219519
0.219576
0.219633
0.219690
0.219747
0.219804
0.219861
0.219918
0.219975
0.220032
0.220089
0.220146
0.220203
0.220260
0.220317
0.220374
0.220431
0.220488
0.220545
0.220602
0.220659
0.220716
0.220772
0.220829
0.220886
0.220943
0.221000
0.221057
0.221114
0.221171
0.221228
0.221285
0.221342
0.221399
0.221456
0.221513
0.221570
0.221627
0.221684
0.221741
0.221798
0.221855
0.221912
0.221969
0.222026
0.222083
0.222140
0.222197
0.222254
0.222311
0.222368
0.222425
0.222482
0.222539
0.222596
0.222653
0.222710
0.222767
0.222824
0.222881
0.222937
0.222994
0.223051
0.223108
0.223165
0.223222
0.223279
0.223336
0.223393
0.223450
0.223507
0.223564
0.223621
0.223678
0.223735
0.223792
0.223849
0.223906
0.223963
0.224020
0.224077
0.224134
0.224191
0.224248
0.224305
0.224362
0.224419
0.224476
0.224533
0.224590
0.224647
0.224704
0.224761
0.224818
0.224875
0.224932
0.224989
0.225046
0.225102
0.225159
0.225216
0.225273
0.225330
0.225387
0.225444
0.225501
0.225558
0.225615
0.225672
0.225729
0.225786
0.225843
0.225900
0.225957
0.226014
0.226071
0.226128
0.226185
0.226242
0.226299
0.226356
0.226413
0.226470
0.226527
0.226584
0.226641
0.226698
0.226755
0.226812
0.226869
0.226926
0.226983
0.227040
0.227097
0.227154
0.227211
0.227267
0.227324
0.227381
0.227438
0.227495
0.227552
0.227609
0.227666
0.227723
0.227780
0.227837
0.227894
0.227951
0.228008
0.228065
0.228122
0.228179
0.228236
0.228293
0.228350
0.228407
0.228464
0.228521
0.228578
0.228635
0.228692
0.228749
0.228806
0.228863
0.228920
0.228977
0.229034
0.229091
0.229148
0.229205
0.229262
0.229319
0.229375
0.229432
0.229489
0.229546
0.229603
0.229660
0.229717
0.229774
0.229831
0.229888
0.229945
0.230002
0.230059
0.230116
0.230173
0.230230
0.230287
0.230344
0.230401
0.230458
0.230515
0.230572
0.230629
0.230686
0.230743
0.230800
0.230857
0.230914
0.230971
0.231028
0.231085
0.231142
0.231199
0.231256
0.231313
0.231370
0.231427
0.231484
0.231540
0.231597
0.231654
0.231711
0.231768
0.231825
0.231882
0.231939
0.231996
0.232053
0.232110
0.232167
0.232224
0.232281
0.232338
0.232395
0.232452
0.232509
0.232566
0.232623
0.232680
0.232737
0.232794
0.232851
0.232908
0.232965
0.233022
0.233079
0.233136
0.233193
0.233250
0.233307
0.233364
0.233421
0.233478
0.233535
0.233592
0.233649
0.233705
0.233762
0.233819
0.233876
0.233933
0.233990
0.234047
0.234104
0.234161
0.234218
0.234275
0.234332
0.234389
0.234446
0.234503
0.234560
0.234617
0.234674
0.234731
0.234788
0.234845
0.234902
0.234959
0.235016
0.235073
0.235130
0.235187
0.235244
0.235301
0.235358
0.235415
0.235472
0.235529
0.235586
0.235643
0.235700
0.235757
0.235813
0.235870
0.235927
0.235984
0.236041
0.236098
0.236155
0.236212
0.236269
0.236326
0.236383
0.236440
0.236497
0.236554
0.236611
0.236668
0.236725
0.236782
0.236839
0.236896
0.236953
0.237010
0.237067
0.237124
0.237181
0.237238
0.237295
0.237352
0.237409
0.237466
0.237523
0.237580
0.237637
0.237694
0.237751
0.237808
0.237865
0.237922
0.237979
0.238035
0.238092
0.238149
0.238206
0.238263
0.238320
0.238377
0.238434
0.238491
0.238548
0.238605
0.238662
0.238719
0.238776
0.238833
0.238890
0.238947
0.239004
0.239061
0.239118
0.239175
0.239232
0.239289
0.239346
0.239403
0.239460
0.239517
0.239574
0.239631
0.239688
0.239745
0.239802
0.239859
0.239916
0.239973
0.240030
0.240087
0.240143
0.240200
0.240257
0.240314
0.240371
0.240428
0.240485
0.240542
0.240599
0.240656
0.240713
0.240770
0.240827
0.240884
0.240941
0.240998
0.241055
0.241112
0.241169
0.241226
0.241283
0.241340
0.241397
0.241454
0.241511
0.241568
0.241625
0.241682
0.241739
0.241796
0.241853
0.241910
0.241967
0.242024
0.242081
0.242138
0.242195
0.242252
0.242308
0.242365
0.242422
0.242479
0.242536
0.242593
0.242650
0.242707
0.242764
0.242821
0.242878
0.242935
0.242992
0.243049
0.243106
0.243163
0.243220
0.243277
0.243334
0.243391
0.243448
0.243505
0.243562
0.243619
0.243676
0.243733
0.243790
0.243847
0.243904
0.243961
0.244018
0.244075
0.244132
0.244189
0.244246
0.244303
0.244360
0.244417
0.244473
0.244530
0.244587
0.244644
0.244701
0.244758
0.244815
0.244872
0.244929
0.244986
0.245043
0.245100
0.245157
0.245214
0.245271
0.245328
0.245385
0.245442
0.245499
0.245556
0.245613
0.245670
0.245727
0.245784
0.245841
0.245898
0.245955
0.246012
0.246069
0.246126
0.246183
0.246240
0.246297
0.246354
0.246411
0.246468
0.246525
0.246582
0.246638
0.246695
0.246752
0.246809
0.246866
0.246923
0.246980
0.247037
0.247094
0.247151
0.247208
0.247265
0.247322
0.247379
0.247436
0.247493
0.247550
0.247607
0.247664
0.247721
0.247778
0.247835
0.247892
0.247949
0.248006
0.248063
0.248120
0.248177
0.248234
0.248291
0.248348
0.248405
0.248462
0.248519
0.248576
0.248633
0.248690
0.248746
0.248803
0.248860
0.248917
0.248974
0.249031
0.249088
0.249145
0.249202
0.249259
0.249316
0.249373
0.249430
0.249487
0.249544
0.249601
0.249658
0.249715
0.249772
0.249829
0.249886
0.249943
0.250000
0.250057
0.250114
0.250171
0.250228
0.250285
0.250342
0.250399
0.250456
0.250513
0.250570
0.250627
0.250684
0.250741
0.250798
0.250855
0.250912
0.250968
0.251025
0.251082
0.251139
0.251196
0.251253
0.251310
0.251367
0.251424
0.251481
0.251538
0.251595
0.251652
0.251709
0.251766
0.251823
0.251880
0.251937
0.251994
0.252051
0.252108
0.252165
0.252222
0.252279
0.252336
0.252393
0.252450
0.252507
0.252564
0.252621
0.252678
0.252735
0.252792
0.252849
0.252906
0.252963
0.253020
0.253076
0.253133
0.253190
0.253247
0.253304
0.253361
0.253418
0.253475
0.253532
0.253589
0.253646
0.253703
0.253760
0.253817
0.253874
0.253931
0.253988
0.254045
0.254102
0.254159
0.254216
0.254273
0.254330
0.254387
0.254444
0.254501
0.254558
0.254615
0.254672
0.254729
0.254786
0.254843
0.254900
0.254957
0.255014
0.255071
0.255128
0.255185
0.255241
0.255298
0.255355
0.255412
0.255469
0.255526
0.255583
0.255640
0.255697
0.255754
0.255811
0.255868
0.255925
0.255982
0.256039
0.256096
0.256153
0.256210
0.256267
0.256324
0.256381
0.256438
0.256495
0.256552
0.256609
0.256666
0.256723
0.256780
0.256837
0.256894
0.256951
0.257008
0.257065
0.257122
0.257179
0.257236
0.257293
0.257350
0.257406
0.257463
0.257520
0.257577
0.257634
0.257691
0.257748
0.257805
0.257862
0.257919
0.257976
0.258033
0.258090
0.258147
0.258204
0.258261
0.258318
0.258375
0.258432
0.258489
0.258546
0.258603
0.258660
0.258717
0.258774
0.258831
0.258888
0.258945
0.259002
0.259059
0.259116
0.259173
0.259230
0.259287
0.259344
0.259401
0.259458
0.259515
0.259571
0.259628
0.259685
0.259742
0.259799
0.259856
0.259913
0.259970
0.260027
0.260084
0.260141
0.260198
0.260255
0.260312
0.260369
0.260426
0.260483
0.260540
0.260597
0.260654
0.260711
0.260768
0.260825
0.260882
0.260939
0.260996
0.261053
0.261110
0.261167
0.261224
0.261281
0.261338
0.261395
0.261452
0.261509
0.261566
0.261623
0.261680
0.261736
0.261793
0.261850
0.261907
0.261964
0.262021
0.262078
0.262135
0.262192
0.262249
0.262306
0.262363
0.262420
0.262477
0.262534
0.262591
0.262648
0.262705
0.262762
0.262819
0.262876
0.262933
0.262990
0.263047
0.263104
0.263161
0.263218
0.263275
0.263332
0.263389
0.263446
0.263503
0.263560
0.263617
0.263674
0.263731
0.263788
0.263844
0.263901
0.263958
0.264015
0.264072
0.264129
0.264186
0.264243
0.264300
0.264357
0.264414
0.264471
0.264528
0.264585
0.264642
0.264699
0.264756
0.264813
0.264870
0.264927
0.264984
0.265041
0.265098
0.265155
0.265212
0.265269
0.265326
0.265383
0.265440
0.265497
0.265554
0.265611
0.265668
0.265725
0.265782
0.265839
0.265896
0.265952
0.266009
0.266066
0.266123
0.266180
0.266237
0.266294
0.266351
0.266408
0.266465
0.266522
0.266579
0.266636
0.266693
0.266750
0.266807
0.266864
0.266921
0.266978
0.267035
0.267092
0.267149
0.267206
0.267263
0.267320
0.267377
0.267434
0.267491
0.267548
0.267605
0.267662
0.267719
0.267776
0.267833
0.267890
0.267947
0.268004
0.268061
0.268118
0.268174
0.268231
0.268288
0.268345
0.268402
0.268459
0.268516
0.268573
0.268630
0.268687
0.268744
0.268801
0.268858
0.268915
0.268972
0.269029
0.269086
0.269143
0.269200
0.269257
0.269314
0.269371
0.269428
0.269485
0.269542
0.269599
0.269656
0.269713
0.269770
0.269827
0.269884
0.269941
0.269998
0.270055
0.270112
0.270169
0.270226
0.270283
0.270339
0.270396
0.270453
0.270510
0.270567
0.270624
0.270681
0.270738
0.270795
0.270852
0.270909
0.270966
0.271023
0.271080
0.271137
0.271194
0.271251
0.271308
0.271365
0.271422
0.271479
0.271536
0.271593
0.271650
0.271707
0.271764
0.271821
0.271878
0.271935
0.271992
0.272049
0.272106
0.272163
0.272220
0.272277
0.272334
0.272391
0.272447
0.272504
0.272561
0.272618
0.272675
0.272732
0.272789
0.272846
0.272903
0.272960
0.273017
0.273074
0.273131
0.273188
0.273245
0.273302
0.273359
0.273416
0.273473
0.273530
0.273587
0.273644
0.273701
0.273758
0.273815
0.273872
0.273929
0.273986
0.274043
0.274100
0.274157
0.274214
0.274271
0.274328
0.274385
0.274442
0.274499
0.274556
0.274612
0.274669
0.274726
0.274783
0.274840
0.274897
0.274954
0.275011
0.275068
0.275125
0.275182
0.275239
0.275296
0.275353
0.275410
0.275467
0.275524
0.275581
0.275638
0.275695
0.275752
0.275809
0.275866
0.275923
0.275980
0.276037
0.276094
0.276151
0.276208
0.276265
0.276322
0.276379
0.276436
0.276493
0.276550
0.276607
0.276664
0.276721
0.276777
0.276834
0.276891
0.276948
0.277005
0.277062
0.277119
0.277176
0.277233
0.277290
0.277347
0.277404
0.277461
0.277518
0.277575
0.277632
0.277689
0.277746
0.277803
0.277860
0.277917
0.277974
0.278031
0.278088
0.278145
0.278202
0.278259
0.278316
0.278373
0.278430
0.278487
0.278544
0.278601
0.278658
0.278715
0.278772
0.278829
0.278886
0.278942
0.278999
0.279056
0.279113
0.279170
0.279227
0.279284
0.279341
0.279398
0.279455
0.279512
0.279569
0.279626
0.279683
0.279740
0.279797
0.279854
0.279911
0.279968
0.280025
0.280082
0.280139
0.280196
0.280253
0.280310
0.280367
0.280424
0.280481
0.280538
0.280595
0.280652
0.280709
0.280766
0.280823
0.280880
0.280937
0.280994
0.281051
0.281107
0.281164
0.281221
0.281278
0.281335
0.281392
0.281449
0.281506
0.281563
0.281620
0.281677
0.281734
0.281791
0.281848
0.281905
0.281962
0.282019
0.282076
0.282133
0.282190
0.282247
0.282304
0.282361
0.282418
0.282475
0.282532
0.282589
0.282646
0.282703
0.282760
0.282817
0.282874
0.282931
0.282988
0.283045
0.283102
0.283159
0.283215
0.283272
0.283329
0.283386
0.283443
0.283500
0.283557
0.283614
0.283671
0.283728
0.283785
0.283842
0.283899
0.283956
0.284013
0.284070
0.284127
0.284184
0.284241
0.284298
0.284355
0.284412
0.284469
0.284526
0.284583
0.284640
0.284697
0.284754
0.284811
0.284868
0.284925
0.284982
0.285039
0.285096
0.285153
0.285210
0.285267
0.285324
0.285380
0.285437
0.285494
0.285551
0.285608
0.285665
0.285722
0.285779
0.285836
0.285893
0.285950
0.286007
0.286064
0.286121
0.286178
0.286235
0.286292
0.286349
0.286406
0.286463
0.286520
0.286577
0.286634
0.286691
0.286748
0.286805
0.286862
0.286919
0.286976
0.287033
0.287090
0.287147
0.287204
0.287261
0.287318
0.287375
0.287432
0.287489
0.287545
0.287602
0.287659
0.287716
0.287773
0.287830
0.287887
0.287944
0.288001
0.288058
0.288115
0.288172
0.288229
0.288286
0.288343
0.288400
0.288457
0.288514
0.288571
0.288628
0.288685
0.288742
0.288799
0.288856
0.288913
0.288970
0.289027
0.289084
0.289141
0.289198
0.289255
0.289312
0.289369
0.289426
0.289483
0.289540
0.289597
0.289654
0.289710
0.289767
0.289824
0.289881
0.289938
0.289995
0.290052
0.290109
0.290166
0.290223
0.290280
0.290337
0.290394
0.290451
0.290508
0.290565
0.290622
0.290679
0.290736
0.290793
0.290850
0.290907
0.290964
0.291021
0.291078
0.291135
0.291192
0.291249
0.291306
0.291363
0.291420
0.291477
0.291534
0.291591
0.291648
0.291705
0.291762
0.291818
0.291875
0.291932
0.291989
0.292046
0.292103
0.292160
0.292217
0.292274
0.292331
0.292388
0.292445
0.292502
0.292559
0.292616
0.292673
0.292730
0.292787
0.292844
0.292901
0.292958
0.293015
0.293072
0.293129
0.293186
0.293243
0.293300
0.293357
0.293414
0.293471
0.293528
0.293585
0.293642
0.293699
0.293756
0.293813
0.293870
0.293927
0.293983
0.294040
0.294097
0.294154
0.294211
0.294268
0.294325
0.294382
0.294439
0.294496
0.294553
0.294610
0.294667
0.294724
0.294781
0.294838
0.294895
0.294952
0.295009
0.295066
0.295123
0.295180
0.295237
0.295294
0.295351
0.295408
0.295465
0.295522
0.295579
0.295636
0.295693
0.295750
0.295807
0.295864
0.295921
0.295978
0.296035
0.296092
0.296148
0.296205
0.296262
0.296319
0.296376
0.296433
0.296490
0.296547
0.296604
0.296661
0.296718
0.296775
0.296832
0.296889
0.296946
0.297003
0.297060
0.297117
0.297174
0.297231
0.297288
0.297345
0.297402
0.297459
0.297516
0.297573
0.297630
0.297687
0.297744
0.297801
0.297858
0.297915
0.297972
0.298029
0.298086
0.298143
0.298200
0.298257
0.298313
0.298370
0.298427
0.298484
0.298541
0.298598
0.298655
0.298712
0.298769
0.298826
0.298883
0.298940
0.298997
0.299054
0.299111
0.299168
0.299225
0.299282
0.299339
0.299396
0.299453
0.299510
0.299567
0.299624
0.299681
0.299738
0.299795
0.299852
0.299909
0.299966
0.300023
0.300080
0.300137
0.300194
0.300251
0.300308
0.300365
0.300422
0.300478
0.300535
0.300592
0.300649
0.300706
0.300763
0.300820
0.300877
0.300934
0.300991
0.301048
0.301105
0.301162
0.301219
0.301276
0.301333
0.301390
0.301447
0.301504
0.301561
0.301618
0.301675
0.301732
0.301789
0.301846
0.301903
0.301960
0.302017
0.302074
0.302131
0.302188
0.302245
0.302302
0.302359
0.302416
0.302473
0.302530
0.302586
0.302643
0.302700
0.302757
0.302814
0.302871
0.302928
0.302985
0.303042
0.303099
0.303156
0.303213
0.303270
0.303327
0.303384
0.303441
0.303498
0.303555
0.303612
0.303669
0.303726
0.303783
0.303840
0.303897
0.303954
0.304011
0.304068
0.304125
0.304182
0.304239
0.304296
0.304353
0.304410
0.304467
0.304524
0.304581
0.304638
0.304695
0.304751
0.304808
0.304865
0.304922
0.304979
0.305036
0.305093
0.305150
0.305207
0.305264
0.305321
0.305378
0.305435
0.305492
0.305549
0.305606
0.305663
0.305720
0.305777
0.305834
0.305891
0.305948
0.306005
0.306062
0.306119
0.306176
0.306233
0.306290
0.306347
0.306404
0.306461
0.306518
0.306575
0.306632
0.306689
0.306746
0.306803
0.306860
0.306917
0.306973
0.307030
0.307087
0.307144
0.307201
0.307258
0.307315
0.307372
0.307429
0.307486
0.307543
0.307600
0.307657
0.307714
0.307771
0.307828
0.307885
0.307942
0.307999
0.308056
0.308113
0.308170
0.308227
0.308284
0.308341
0.308398
0.308455
0.308512
0.308569
0.308626
0.308683
0.308740
0.308797
0.308854
0.308911
0.308968
0.309025
0.309081
0.309138
0.309195
0.309252
0.309309
0.309366
0.309423
0.309480
0.309537
0.309594
0.309651
0.309708
0.309765
0.309822
0.309879
0.309936
0.309993
0.310050
0.310107
0.310164
0.310221
0.310278
0.310335
0.310392
0.310449
0.310506
0.310563
0.310620
0.310677
0.310734
0.310791
0.310848
0.310905
0.310962
0.311019
0.311076
0.311133
0.311190
0.311246
0.311303
0.311360
0.311417
0.311474
0.311531
0.311588
0.311645
0.311702
0.311759
0.311816
0.311873
0.311930
0.311987
0.312044
0.312101
0.312158
0.312215
0.312272
0.312329
0.312386
0.312443
0.312500
0.312557
0.312614
0.312671
0.312728
0.312785
0.312842
0.312899
0.312956
0.313013
0.313070
0.313127
0.313184
0.313241
0.313298
0.313354
0.313411
0.313468
0.313525
0.313582
0.313639
0.313696
0.313753
0.313810
0.313867
0.313924
0.313981
0.314038
0.314095
0.314152
0.314209
0.314266
0.314323
0.314380
0.314437
0.314494
0.314551
0.314608
0.314665
0.314722
0.314779
0.314836
0.314893
0.314950
0.315007
0.315064
0.315121
0.315178
0.315235
0.315292
0.315349
0.315406
0.315463
0.315519
0.315576
0.315633
0.315690
0.315747
0.315804
0.315861
0.315918
0.315975
0.316032
0.316089
0.316146
0.316203
0.316260
0.316317
0.316374
0.316431
0.316488
0.316545
0.316602
0.316659
0.316716
0.316773
0.316830
0.316887
0.316944
0.317001
0.317058
0.317115
0.317172
0.317229
0.317286
0.317343
0.317400
0.317457
0.317514
0.317571
0.317628
0.317685
0.317741
0.317798
0.317855
0.317912
0.317969
0.318026
0.318083
0.318140
0.318197
0.318254
0.318311
0.318368
0.318425
0.318482
0.318539
0.318596
0.318653
0.318710
0.318767
0.318824
0.318881
0.318938
0.318995
0.319052
0.319109
0.319166
0.319223
0.319280
0.319337
0.319394
0.319451
0.319508
0.319565
0.319622
0.319679
0.319736
0.319793
0.319849
0.319906
0.319963
0.320020
0.320077
0.320134
0.320191
0.320248
0.320305
0.320362
0.320419
0.320476
0.320533
0.320590
0.320647
0.320704
0.320761
0.320818
0.320875
0.320932
0.320989
0.321046
0.321103
0.321160
0.321217
0.321274
0.321331
0.321388
0.321445
0.321502
0.321559
0.321616
0.321673
0.321730
0.321787
0.321844
0.321901
0.321957
0.322014
0.322071
0.322128
0.322185
0.322242
0.322299
0.322356
0.322413
0.322470
0.322527
0.322584
0.322641
0.322698
0.322755
0.322812
0.322869
0.322926
0.322983
0.323040
0.323097
0.323154
0.323211
0.323268
0.323325
0.323382
0.323439
0.323496
0.323553
0.323610
0.323667
0.323724
0.323781
0.323838
0.323895
0.323952
0.324009
0.324066
0.324122
0.324179
0.324236
0.324293
0.324350
0.324407
0.324464
0.324521
0.324578
0.324635
0.324692
0.324749
0.324806
0.324863
0.324920
0.324977
0.325034
0.325091
0.325148
0.325205
0.325262
0.325319
0.325376
0.325433
0.325490
0.325547
0.325604
0.325661
0.325718
0.325775
0.325832
0.325889
0.325946
0.326003
0.326060
0.326117
0.326174
0.326231
0.326288
0.326344
0.326401
0.326458
0.326515
0.326572
0.326629
0.326686
0.326743
0.326800
0.326857
0.326914
0.326971
0.327028
0.327085
0.327142
0.327199
0.327256
0.327313
0.327370
0.327427
0.327484
0.327541
0.327598
0.327655
0.327712
0.327769
0.327826
0.327883
0.327940
0.327997
0.328054
0.328111
0.328168
0.328225
0.328282
0.328339
0.328396
0.328452
0.328509
0.328566
0.328623
0.328680
0.328737
0.328794
0.328851
0.328908
0.328965
0.329022
0.329079
0.329136
0.329193
0.329250
0.329307
0.329364
0.329421
0.329478
0.329535
0.329592
0.329649
0.329706
0.329763
0.329820
0.329877
0.329934
0.329991
0.330048
0.330105
0.330162
0.330219
0.330276
0.330333
0.330390
0.330447
0.330504
0.330561
0.330617
0.330674
0.330731
0.330788
0.330845
0.330902
0.330959
0.331016
0.331073
0.331130
0.331187
0.331244
0.331301
0.331358
0.331415
0.331472
0.331529
0.331586
0.331643
0.331700
0.331757
0.331814
0.331871
0.331928
0.331985
0.332042
0.332099
0.332156
0.332213
0.332270
0.332327
0.332384
0.332441
0.332498
0.332555
0.332612
0.332669
0.332725
0.332782
0.332839
0.332896
0.332953
0.333010
0.333067
0.333124
0.333181
0.333238
0.333295
0.333352
0.333409
0.333466
0.333523
0.333580
0.333637
0.333694
0.333751
0.333808
0.333865
0.333922
0.333979
0.334036
0.334093
0.334150
0.334207
0.334264
0.334321
0.334378
0.334435
0.334492
0.334549
0.334606
0.334663
0.334720
0.334777
0.334834
0.334891
0.334947
0.335004
0.335061
0.335118
0.335175
0.335232
0.335289
0.335346
0.335403
0.335460
0.335517
0.335574
0.335631
0.335688
0.335745
0.335802
0.335859
0.335916
0.335973
0.336030
0.336087
0.336144
0.336201
0.336258
0.336315
0.336372
0.336429
0.336486
0.336543
0.336600
0.336657
0.336714
0.336771
0.336828
0.336885
0.336942
0.336999
0.337056
0.337112
0.337169
0.337226
0.337283
0.337340
0.337397
0.337454
0.337511
0.337568
0.337625
0.337682
0.337739
0.337796
0.337853
0.337910
0.337967
0.338024
0.338081
0.338138
0.338195
0.338252
0.338309
0.338366
0.338423
0.338480
0.338537
0.338594
0.338651
0.338708
0.338765
0.338822
0.338879
0.338936
0.338993
0.339050
0.339107
0.339164
0.339220
0.339277
0.339334
0.339391
0.339448
0.339505
0.339562
0.339619
0.339676
0.339733
0.339790
0.339847
0.339904
0.339961
0.340018
0.340075
0.340132
0.340189
0.340246
0.340303
0.340360
0.340417
0.340474
0.340531
0.340588
0.340645
0.340702
0.340759
0.340816
0.340873
0.340930
0.340987
0.341044
0.341101
0.341158
0.341215
0.341272
0.341329
0.341385
0.341442
0.341499
0.341556
0.341613
0.341670
0.341727
0.341784
0.341841
0.341898
0.341955
0.342012
0.342069
0.342126
0.342183
0.342240
0.342297
0.342354
0.342411
0.342468
0.342525
0.342582
0.342639
0.342696
0.342753
0.342810
0.342867
0.342924
0.342981
0.343038
0.343095
0.343152
0.343209
0.343266
0.343323
0.343380
0.343437
0.343494
0.343550
0.343607
0.343664
0.343721
0.343778
0.343835
0.343892
0.343949
0.344006
0.344063
0.344120
0.344177
0.344234
0.344291
0.344348
0.344405
0.344462
0.344519
0.344576
0.344633
0.344690
0.344747
0.344804
0.344861
0.344918
0.344975
0.345032
0.345089
0.345146
0.345203
0.345260
0.345317
0.345374
0.345431
0.345488
0.345545
0.345602
0.345659
0.345715
0.345772
0.345829
0.345886
0.345943
0.346000
0.346057
0.346114
0.346171
0.346228
0.346285
0.346342
0.346399
0.346456
0.346513
0.346570
0.346627
0.346684
0.346741
0.346798
0.346855
0.346912
0.346969
0.347026
0.347083
0.347140
0.347197
0.347254
0.347311
0.347368
0.347425
0.347482
0.347539
0.347596
0.347653
0.347710
0.347767
0.347824
0.347880
0.347937
0.347994
0.348051
0.348108
0.348165
0.348222
0.348279
0.348336
0.348393
0.348450
0.348507
0.348564
0.348621
0.348678
0.348735
0.348792
0.348849
0.348906
0.348963
0.349020
0.349077
0.349134
0.349191
0.349248
0.349305
0.349362
0.349419
0.349476
0.349533
0.349590
0.349647
0.349704
0.349761
0.349818
0.349875
0.349932
0.349988
0.350045
0.350102
0.350159
0.350216
0.350273
0.350330
0.350387
0.350444
0.350501
0.350558
0.350615
0.350672
0.350729
0.350786
0.350843
0.350900
0.350957
0.351014
0.351071
0.351128
0.351185
0.351242
0.351299
0.351356
0.351413
0.351470
0.351527
0.351584
0.351641
0.351698
0.351755
0.351812
0.351869
0.351926
0.351983
0.352040
0.352096
0.352153
0.352210
0.352267
0.352324
0.352381
0.352438
0.352495
0.352552
0.352609
0.352666
0.352723
0.352780
0.352837
0.352894
0.352951
0.353008
0.353065
0.353122
0.353179
0.353236
0.353293
0.353350
0.353407
0.353464
0.353521
0.353578
0.353635
0.353692
0.353749
0.353806
0.353863
0.353920
0.353977
0.354034
0.354091
0.354148
0.354205
0.354262
0.354318
0.354375
0.354432
0.354489
0.354546
0.354603
0.354660
0.354717
0.354774
0.354831
0.354888
0.354945
0.355002
0.355059
0.355116
0.355173
0.355230
0.355287
0.355344
0.355401
0.355458
0.355515
0.355572
0.355629
0.355686
0.355743
0.355800
0.355857
0.355914
0.355971
0.356028
0.356085
0.356142
0.356199
0.356256
0.356313
0.356370
0.356427
0.356483
0.356540
0.356597
0.356654
0.356711
0.356768
0.356825
0.356882
0.356939
0.356996
0.357053
0.357110
0.357167
0.357224
0.357281
0.357338
0.357395
0.357452
0.357509
0.357566
0.357623
0.357680
0.357737
0.357794
0.357851
0.357908
0.357965
0.358022
0.358079
0.358136
0.358193
0.358250
0.358307
0.358364
0.358421
0.358478
0.358535
0.358591
0.358648
0.358705
0.358762
0.358819
0.358876
0.358933
0.358990
0.359047
0.359104
0.359161
0.359218
0.359275
0.359332
0.359389
0.359446
0.359503
0.359560
0.359617
0.359674
0.359731
0.359788
0.359845
0.359902
0.359959
0.360016
0.360073
0.360130
0.360187
0.360244
0.360301
0.360358
0.360415
0.360472
0.360529
0.360586
0.360643
0.360700
0.360756
0.360813
0.360870
0.360927
0.360984
0.361041
0.361098
0.361155
0.361212
0.361269
0.361326
0.361383
0.361440
0.361497
0.361554
0.361611
0.361668
0.361725
0.361782
0.361839
0.361896
0.361953
0.362010
0.362067
0.362124
0.362181
0.362238
0.362295
0.362352
0.362409
0.362466
0.362523
0.362580
0.362637
0.362694
0.362751
0.362808
0.362865
0.362921
0.362978
0.363035
0.363092
0.363149
0.363206
0.363263
0.363320
0.363377
0.363434
0.363491
0.363548
0.363605
0.363662
0.363719
0.363776
0.363833
0.363890
0.363947
0.364004
0.364061
0.364118
0.364175
0.364232
0.364289
0.364346
0.364403
0.364460
0.364517
0.364574
0.364631
0.364688
0.364745
0.364802
0.364859
0.364916
0.364973
0.365030
0.365086
0.365143
0.365200
0.365257
0.365314
0.365371
0.365428
0.365485
0.365542
0.365599
0.365656
0.365713
0.365770
0.365827
0.365884
0.365941
0.365998
0.366055
0.366112
0.366169
0.366226
0.366283
0.366340
0.366397
0.366454
0.366511
0.366568
0.366625
0.366682
0.366739
0.366796
0.366853
0.366910
0.366967
0.367024
0.367081
0.367138
0.367195
0.367251
0.367308
0.367365
0.367422
0.367479
0.367536
0.367593
0.367650
0.367707
0.367764
0.367821
0.367878
0.367935
0.367992
0.368049
0.368106
0.368163
0.368220
0.368277
0.368334
0.368391
0.368448
0.368505
0.368562
0.368619
0.368676
0.368733
0.368790
0.368847
0.368904
0.368961
0.369018
0.369075
0.369132
0.369189
0.369246
0.369303
0.369359
0.369416
0.369473
0.369530
0.369587
0.369644
0.369701
0.369758
0.369815
0.369872
0.369929
0.369986
0.370043
0.370100
0.370157
0.370214
0.370271
0.370328
0.370385
0.370442
0.370499
0.370556
0.370613
0.370670
0.370727
0.370784
0.370841
0.370898
0.370955
0.371012
0.371069
0.371126
0.371183
0.371240
0.371297
0.371354
0.371411
0.371468
0.371524
0.371581
0.371638
0.371695
0.371752
0.371809
0.371866
0.371923
0.371980
0.372037
0.372094
0.372151
0.372208
0.372265
0.372322
0.372379
0.372436
0.372493
0.372550
0.372607
0.372664
0.372721
0.372778
0.372835
0.372892
0.372949
0.373006
0.373063
0.373120
0.373177
0.373234
0.373291
0.373348
0.373405
0.373462
0.373519
0.373576
0.373633
0.373689
0.373746
0.373803
0.373860
0.373917
0.373974
0.374031
0.374088
0.374145
0.374202
0.374259
0.374316
0.374373
0.374430
0.374487
0.374544
0.374601
0.374658
0.374715
0.374772
0.374829
0.374886
0.374943
0.375000
0.375057
0.375114
0.375171
0.375228
0.375285
0.375342
0.375399
0.375456
0.375513
0.375570
0.375627
0.375684
0.375741
0.375798
0.375854
0.375911
0.375968
0.376025
0.376082
0.376139
0.376196
0.376253
0.376310
0.376367
0.376424
0.376481
0.376538
0.376595
0.376652
0.376709
0.376766
0.376823
0.376880
0.376937
0.376994
0.377051
0.377108
0.377165
0.377222
0.377279
0.377336
0.377393
0.377450
0.377507
0.377564
0.377621
0.377678
0.377735
0.377792
0.377849
0.377906
0.377962
0.378019
0.378076
0.378133
0.378190
0.378247
0.378304
0.378361
0.378418
0.378475
0.378532
0.378589
0.378646
0.378703
0.378760
0.378817
0.378874
0.378931
0.378988
0.379045
0.379102
0.379159
0.379216
0.379273
0.379330
0.379387
0.379444
0.379501
0.379558
0.379615
0.379672
0.379729
0.379786
0.379843
0.379900
0.379957
0.380014
0.380071
0.380127
0.380184
0.380241
0.380298
0.380355
0.380412
0.380469
0.380526
0.380583
0.380640
0.380697
0.380754
0.380811
0.380868
0.380925
0.380982
0.381039
0.381096
0.381153
0.381210
0.381267
0.381324
0.381381
0.381438
0.381495
0.381552
0.381609
0.381666
0.381723
0.381780
0.381837
0.381894
0.381951
0.382008
0.382065
0.382122
0.382179
0.382236
0.382292
0.382349
0.382406
0.382463
0.382520
0.382577
0.382634
0.382691
0.382748
0.382805
0.382862
0.382919
0.382976
0.383033
0.383090
0.383147
0.383204
0.383261
0.383318
0.383375
0.383432
0.383489
0.383546
0.383603
0.383660
0.383717
0.383774
0.383831
0.383888
0.383945
0.384002
0.384059
0.384116
0.384173
0.384230
0.384287
0.384344
0.384401
0.384457
0.384514
0.384571
0.384628
0.384685
0.384742
0.384799
0.384856
0.384913
0.384970
0.385027
0.385084
0.385141
0.385198
0.385255
0.385312
0.385369
0.385426
0.385483
0.385540
0.385597
0.385654
0.385711
0.385768
0.385825
0.385882
0.385939
0.385996
0.386053
0.386110
0.386167
0.386224
0.386281
0.386338
0.386395
0.386452
0.386509
0.386566
0.386622
0.386679
0.386736
0.386793
0.386850
0.386907
0.386964
0.387021
0.387078
0.387135
0.387192
0.387249
0.387306
0.387363
0.387420
0.387477
0.387534
0.387591
0.387648
0.387705
0.387762
0.387819
0.387876
0.387933
0.387990
0.388047
0.388104
0.388161
0.388218
0.388275
0.388332
0.388389
0.388446
0.388503
0.388560
0.388617
0.388674
0.388730
0.388787
0.388844
0.388901
0.388958
0.389015
0.389072
0.389129
0.389186
0.389243
0.389300
0.389357
0.389414
0.389471
0.389528
0.389585
0.389642
0.389699
0.389756
0.389813
0.389870
0.389927
0.389984
0.390041
0.390098
0.390155
0.390212
0.390269
0.390326
0.390383
0.390440
0.390497
0.390554
0.390611
0.390668
0.390725
0.390782
0.390839
0.390895
0.390952
0.391009
0.391066
0.391123
0.391180
0.391237
0.391294
0.391351
0.391408
0.391465
0.391522
0.391579
0.391636
0.391693
0.391750
0.391807
0.391864
0.391921
0.391978
0.392035
0.392092
0.392149
0.392206
0.392263
0.392320
0.392377
0.392434
0.392491
0.392548
0.392605
0.392662
0.392719
0.392776
0.392833
0.392890
0.392947
0.393004
0.393061
0.393117
0.393174
0.393231
0.393288
0.393345
0.393402
0.393459
0.393516
0.393573
0.393630
0.393687
0.393744
0.393801
0.393858
0.393915
0.393972
0.394029
0.394086
0.394143
0.394200
0.394257
0.394314
0.394371
0.394428
0.394485
0.394542
0.394599
0.394656
0.394713
0.394770
0.394827
0.394884
0.394941
0.394998
0.395055
0.395112
0.395169
0.395225
0.395282
0.395339
0.395396
0.395453
0.395510
0.395567
0.395624
0.395681
0.395738
0.395795
0.395852
0.395909
0.395966
0.396023
0.396080
0.396137
0.396194
0.396251
0.396308
0.396365
0.396422
0.396479
0.396536
0.396593
0.396650
0.396707
0.396764
0.396821
0.396878
0.396935
0.396992
0.397049
0.397106
0.397163
0.397220
0.397277
0.397334
0.397390
0.397447
0.397504
0.397561
0.397618
0.397675
0.397732
0.397789
0.397846
0.397903
0.397960
0.398017
0.398074
0.398131
0.398188
0.398245
0.398302
0.398359
0.398416
0.398473
0.398530
0.398587
0.398644
0.398701
0.398758
0.398815
0.398872
0.398929
0.398986
0.399043
0.399100
0.399157
0.399214
0.399271
0.399328
0.399385
0.399442
0.399498
0.399555
0.399612
0.399669
0.399726
0.399783
0.399840
0.399897
0.399954
0.400011
0.400068
0.400125
0.400182
0.400239
0.400296
0.400353
0.400410
0.400467
0.400524
0.400581
0.400638
0.400695
0.400752
0.400809
0.400866
0.400923
0.400980
0.401037
0.401094
0.401151
0.401208
0.401265
0.401322
0.401379
0.401436
0.401493
0.401550
0.401607
0.401664
0.401720
0.401777
0.401834
0.401891
0.401948
0.402005
0.402062
0.402119
0.402176
0.402233
0.402290
0.402347
0.402404
0.402461
0.402518
0.402575
0.402632
0.402689
0.402746
0.402803
0.402860
0.402917
0.402974
0.403031
0.403088
0.403145
0.403202
0.403259
0.403316
0.403373
0.403430
0.403487
0.403544
0.403601
0.403658
0.403715
0.403772
0.403829
0.403885
0.403942
0.403999
0.404056
0.404113
0.404170
0.404227
0.404284
0.404341
0.404398
0.404455
0.404512
0.404569
0.404626
0.404683
0.404740
0.404797
0.404854
0.404911
0.404968
0.405025
0.405082
0.405139
0.405196
0.405253
0.405310
0.405367
0.405424
0.405481
0.405538
0.405595
0.405652
0.405709
0.405766
0.405823
0.405880
0.405937
0.405993
0.406050
0.406107
0.406164
0.406221
0.406278
0.406335
0.406392
0.406449
0.406506
0.406563
0.406620
0.406677
0.406734
0.406791
0.406848
0.406905
0.406962
0.407019
0.407076
0.407133
0.407190
0.407247
0.407304
0.407361
0.407418
0.407475
0.407532
0.407589
0.407646
0.407703
0.407760
0.407817
0.407874
0.407931
0.407988
0.408045
0.408101
0.408158
0.408215
0.408272
0.408329
0.408386
0.408443
0.408500
0.408557
0.408614
0.408671
0.408728
0.408785
0.408842
0.408899
0.408956
0.409013
0.409070
0.409127
0.409184
0.409241
0.409298
0.409355
0.409412
0.409469
0.409526
0.409583
0.409640
0.409697
0.409754
0.409811
0.409868
0.409925
0.409982
0.410039
0.410096
0.410153
0.410210
0.410266
0.410323
0.410380
0.410437
0.410494
0.410551
0.410608
0.410665
0.410722
0.410779
0.410836
0.410893
0.410950
0.411007
0.411064
0.411121
0.411178
0.411235
0.411292
0.411349
0.411406
0.411463
0.411520
0.411577
0.411634
0.411691
0.411748
0.411805
0.411862
0.411919
0.411976
0.412033
0.412090
0.412147
0.412204
0.412261
0.412318
0.412375
0.412432
0.412488
0.412545
0.412602
0.412659
0.412716
0.412773
0.412830
0.412887
0.412944
0.413001
0.413058
0.413115
0.413172
0.413229
0.413286
0.413343
0.413400
0.413457
0.413514
0.413571
0.413628
0.413685
0.413742
0.413799
0.413856
0.413913
0.413970
0.414027
0.414084
0.414141
0.414198
0.414255
0.414312
0.414369
0.414426
0.414483
0.414540
0.414596
0.414653
0.414710
0.414767
0.414824
0.414881
0.414938
0.414995
0.415052
0.415109
0.415166
0.415223
0.415280
0.415337
0.415394
0.415451
0.415508
0.415565
0.415622
0.415679
0.415736
0.415793
0.415850
0.415907
0.415964
0.416021
0.416078
0.416135
0.416192
0.416249
0.416306
0.416363
0.416420
0.416477
0.416534
0.416591
0.416648
0.416705
0.416761
0.416818
0.416875
0.416932
0.416989
0.417046
0.417103
0.417160
0.417217
0.417274
0.417331
0.417388
0.417445
0.417502
0.417559
0.417616
0.417673
0.417730
0.417787
0.417844
0.417901
0.417958
0.418015
0.418072
0.418129
0.418186
0.418243
0.418300
0.418357
0.418414
0.418471
0.418528
0.418585
0.418642
0.418699
0.418756
0.418813
0.418869
0.418926
0.418983
0.419040
0.419097
0.419154
0.419211
0.419268
0.419325
0.419382
0.419439
0.419496
0.419553
0.419610
0.419667
0.419724
0.419781
0.419838
0.419895
0.419952
0.420009
0.420066
0.420123
0.420180
0.420237
0.420294
0.420351
0.420408
0.420465
0.420522
0.420579
0.420636
0.420693
0.420750
0.420807
0.420864
0.420921
0.420978
0.421035
0.421091
0.421148
0.421205
0.421262
0.421319
0.421376
0.421433
0.421490
0.421547
0.421604
0.421661
0.421718
0.421775
0.421832
0.421889
0.421946
0.422003
0.422060
0.422117
0.422174
0.422231
0.422288
0.422345
0.422402
0.422459
0.422516
0.422573
0.422630
0.422687
0.422744
0.422801
0.422858
0.422915
0.422972
0.423029
0.423086
0.423143
0.423200
0.423256
0.423313
0.423370
0.423427
0.423484
0.423541
0.423598
0.423655
0.423712
0.423769
0.423826
0.423883
0.423940
0.423997
0.424054
0.424111
0.424168
0.424225
0.424282
0.424339
0.424396
0.424453
0.424510
0.424567
0.424624
0.424681
0.424738
0.424795
0.424852
0.424909
0.424966
0.425023
0.425080
0.425137
0.425194
0.425251
0.425308
0.425364
0.425421
0.425478
0.425535
0.425592
0.425649
0.425706
0.425763
0.425820
0.425877
0.425934
0.425991
0.426048
0.426105
0.426162
0.426219
0.426276
0.426333
0.426390
0.426447
0.426504
0.426561
0.426618
0.426675
0.426732
0.426789
0.426846
0.426903
0.426960
0.427017
0.427074
0.427131
0.427188
0.427245
0.427302
0.427359
0.427416
0.427473
0.427529
0.427586
0.427643
0.427700
0.427757
0.427814
0.427871
0.427928
0.427985
0.428042
0.428099
0.428156
0.428213
0.428270
0.428327
0.428384
0.428441
0.428498
0.428555
0.428612
0.428669
0.428726
0.428783
0.428840
0.428897
0.428954
0.429011
0.429068
0.429125
0.429182
0.429239
0.429296
0.429353
0.429410
0.429467
0.429524
0.429581
0.429638
0.429694
0.429751
0.429808
0.429865
0.429922
0.429979
0.430036
0.430093
0.430150
0.430207
0.430264
0.430321
0.430378
0.430435
0.430492
0.430549
0.430606
0.430663
0.430720
0.430777
0.430834
0.430891
0.430948
0.431005
0.431062
0.431119
0.431176
0.431233
0.431290
0.431347
0.431404
0.431461
0.431518
0.431575
0.431632
0.431689
0.431746
0.431803
0.431859
0.431916
0.431973
0.432030
0.432087
0.432144
0.432201
0.432258
0.432315
0.432372
0.432429
0.432486
0.432543
0.432600
0.432657
0.432714
0.432771
0.432828
0.432885
0.432942
0.432999
0.433056
0.433113
0.433170
0.433227
0.433284
0.433341
0.433398
0.433455
0.433512
0.433569
0.433626
0.433683
0.433740
0.433797
0.433854
0.433911
0.433968
0.434024
0.434081
0.434138
0.434195
0.434252
0.434309
0.434366
0.434423
0.434480
0.434537
0.434594
0.434651
0.434708
0.434765
0.434822
0.434879
0.434936
0.434993
0.435050
0.435107
0.435164
0.435221
0.435278
0.435335
0.435392
0.435449
0.435506
0.435563
0.435620
0.435677
0.435734
0.435791
0.435848
0.435905
0.435962
0.436019
0.436076
0.436132
0.436189
0.436246
0.436303
0.436360
0.436417
0.436474
0.436531
0.436588
0.436645
0.436702
0.436759
0.436816
0.436873
0.436930
0.436987
0.437044
0.437101
0.437158
0.437215
0.437272
0.437329
0.437386
0.437443
0.437500
0.437557
0.437614
0.437671
0.437728
0.437785
0.437842
0.437899
0.437956
0.438013
0.438070
0.438127
0.438184
0.438241
0.438297
0.438354
0.438411
0.438468
0.438525
0.438582
0.438639
0.438696
0.438753
0.438810
0.438867
0.438924
0.438981
0.439038
0.439095
0.439152
0.439209
0.439266
0.439323
0.439380
0.439437
0.439494
0.439551
0.439608
0.439665
0.439722
0.439779
0.439836
0.439893
0.439950
0.440007
0.440064
0.440121
0.440178
0.440235
0.440292
0.440349
0.440406
0.440462
0.440519
0.440576
0.440633
0.440690
0.440747
0.440804
0.440861
0.440918
0.440975
0.441032
0.441089
0.441146
0.441203
0.441260
0.441317
0.441374
0.441431
0.441488
0.441545
0.441602
0.441659
0.441716
0.441773
0.441830
0.441887
0.441944
0.442001
0.442058
0.442115
0.442172
0.442229
0.442286
0.442343
0.442400
0.442457
0.442514
0.442571
0.442627
0.442684
0.442741
0.442798
0.442855
0.442912
0.442969
0.443026
0.443083
0.443140
0.443197
0.443254
0.443311
0.443368
0.443425
0.443482
0.443539
0.443596
0.443653
0.443710
0.443767
0.443824
0.443881
0.443938
0.443995
0.444052
0.444109
0.444166
0.444223
0.444280
0.444337
0.444394
0.444451
0.444508
0.444565
0.444622
0.444679
0.444735
0.444792
0.444849
0.444906
0.444963
0.445020
0.445077
0.445134
0.445191
0.445248
0.445305
0.445362
0.445419
0.445476
0.445533
0.445590
0.445647
0.445704
0.445761
0.445818
0.445875
0.445932
0.445989
0.446046
0.446103
0.446160
0.446217
0.446274
0.446331
0.446388
0.446445
0.446502
0.446559
0.446616
0.446673
0.446730
0.446787
0.446844
0.446900
0.446957
0.447014
0.447071
0.447128
0.447185
0.447242
0.447299
0.447356
0.447413
0.447470
0.447527
0.447584
0.447641
0.447698
0.447755
0.447812
0.447869
0.447926
0.447983
0.448040
0.448097
0.448154
0.448211
0.448268
0.448325
0.448382
0.448439
0.448496
0.448553
0.448610
0.448667
0.448724
0.448781
0.448838
0.448895
0.448952
0.449009
0.449065
0.449122
0.449179
0.449236
0.449293
0.449350
0.449407
0.449464
0.449521
0.449578
0.449635
0.449692
0.449749
0.449806
0.449863
0.449920
0.449977
0.450034
0.450091
0.450148
0.450205
0.450262
0.450319
0.450376
0.450433
0.450490
0.450547
0.450604
0.450661
0.450718
0.450775
0.450832
0.450889
0.450946
0.451003
0.451060
0.451117
0.451174
0.451230
0.451287
0.451344
0.451401
0.451458
0.451515
0.451572
0.451629
0.451686
0.451743
0.451800
0.451857
0.451914
0.451971
0.452028
0.452085
0.452142
0.452199
0.452256
0.452313
0.452370
0.452427
0.452484
0.452541
0.452598
0.452655
0.452712
0.452769
0.452826
0.452883
0.452940
0.452997
0.453054
0.453111
0.453168
0.453225
0.453282
0.453339
0.453395
0.453452
0.453509
0.453566
0.453623
0.453680
0.453737
0.453794
0.453851
0.453908
0.453965
0.454022
0.454079
0.454136
0.454193
0.454250
0.454307
0.454364
0.454421
0.454478
0.454535
0.454592
0.454649
0.454706
0.454763
0.454820
0.454877
0.454934
0.454991
0.455048
0.455105
0.455162
0.455219
0.455276
0.455333
0.455390
0.455447
0.455503
0.455560
0.455617
0.455674
0.455731
0.455788
0.455845
0.455902
0.455959
0.456016
0.456073
0.456130
0.456187
0.456244
0.456301
0.456358
0.456415
0.456472
0.456529
0.456586
0.456643
0.456700
0.456757
0.456814
0.456871
0.456928
0.456985
0.457042
0.457099
0.457156
0.457213
0.457270
0.457327
0.457384
0.457441
0.457498
0.457555
0.457612
0.457668
0.457725
0.457782
0.457839
0.457896
0.457953
0.458010
0.458067
0.458124
0.458181
0.458238
0.458295
0.458352
0.458409
0.458466
0.458523
0.458580
0.458637
0.458694
0.458751
0.458808
0.458865
0.458922
0.458979
0.459036
0.459093
0.459150
0.459207
0.459264
0.459321
0.459378
0.459435
0.459492
0.459549
0.459606
0.459663
0.459720
0.459777
0.459833
0.459890
0.459947
0.460004
0.460061
0.460118
0.460175
0.460232
0.460289
0.460346
0.460403
0.460460
0.460517
0.460574
0.460631
0.460688
0.460745
0.460802
0.460859
0.460916
0.460973
0.461030
0.461087
0.461144
0.461201
0.461258
0.461315
0.461372
0.461429
0.461486
0.461543
0.461600
0.461657
0.461714
0.461771
0.461828
0.461885
0.461942
0.461998
0.462055
0.462112
0.462169
0.462226
0.462283
0.462340
0.462397
0.462454
0.462511
0.462568
0.462625
0.462682
0.462739
0.462796
0.462853
0.462910
0.462967
0.463024
0.463081
0.463138
0.463195
0.463252
0.463309
0.463366
0.463423
0.463480
0.463537
0.463594
0.463651
0.463708
0.463765
0.463822
0.463879
0.463936
0.463993
0.464050
0.464107
0.464163
0.464220
0.464277
0.464334
0.464391
0.464448
0.464505
0.464562
0.464619
0.464676
0.464733
0.464790
0.464847
0.464904
0.464961
0.465018
0.465075
0.465132
0.465189
0.465246
0.465303
0.465360
0.465417
0.465474
0.465531
0.465588
0.465645
0.465702
0.465759
0.465816
0.465873
0.465930
0.465987
0.466044
0.466101
0.466158
0.466215
0.466271
0.466328
0.466385
0.466442
0.466499
0.466556
0.466613
0.466670
0.466727
0.466784
0.466841
0.466898
0.466955
0.467012
0.467069
0.467126
0.467183
0.467240
0.467297
0.467354
0.467411
0.467468
0.467525
0.467582
0.467639
0.467696
0.467753
0.467810
0.467867
0.467924
0.467981
0.468038
0.468095
0.468152
0.468209
0.468266
0.468323
0.468380
0.468436
0.468493
0.468550
0.468607
0.468664
0.468721
0.468778
0.468835
0.468892
0.468949
0.469006
0.469063
0.469120
0.469177
0.469234
0.469291
0.469348
0.469405
0.469462
0.469519
0.469576
0.469633
0.469690
0.469747
0.469804
0.469861
0.469918
0.469975
0.470032
0.470089
0.470146
0.470203
0.470260
0.470317
0.470374
0.470431
0.470488
0.470545
0.470601
0.470658
0.470715
0.470772
0.470829
0.470886
0.470943
0.471000
0.471057
0.471114
0.471171
0.471228
0.471285
0.471342
0.471399
0.471456
0.471513
0.471570
0.471627
0.471684
0.471741
0.471798
0.471855
0.471912
0.471969
0.472026
0.472083
0.472140
0.472197
0.472254
0.472311
0.472368
0.472425
0.472482
0.472539
0.472596
0.472653
0.472710
0.472766
0.472823
0.472880
0.472937
0.472994
0.473051
0.473108
0.473165
0.473222
0.473279
0.473336
0.473393
0.473450
0.473507
0.473564
0.473621
0.473678
0.473735
0.473792
0.473849
0.473906
0.473963
0.474020
0.474077
0.474134
0.474191
0.474248
0.474305
0.474362
0.474419
0.474476
0.474533
0.474590
0.474647
0.474704
0.474761
0.474818
0.474874
0.474931
0.474988
0.475045
0.475102
0.475159
0.475216
0.475273
0.475330
0.475387
0.475444
0.475501
0.475558
0.475615
0.475672
0.475729
0.475786
0.475843
0.475900
0.475957
0.476014
0.476071
0.476128
0.476185
0.476242
0.476299
0.476356
0.476413
0.476470
0.476527
0.476584
0.476641
0.476698
0.476755
0.476812
0.476869
0.476926
0.476983
0.477039
0.477096
0.477153
0.477210
0.477267
0.477324
0.477381
0.477438
0.477495
0.477552
0.477609
0.477666
0.477723
0.477780
0.477837
0.477894
0.477951
0.478008
0.478065
0.478122
0.478179
0.478236
0.478293
0.478350
0.478407
0.478464
0.478521
0.478578
0.478635
0.478692
0.478749
0.478806
0.478863
0.478920
0.478977
0.479034
0.479091
0.479148
0.479205
0.479261
0.479318
0.479375
0.479432
0.479489
0.479546
0.479603
0.479660
0.479717
0.479774
0.479831
0.479888
0.479945
0.480002
0.480059
0.480116
0.480173
0.480230
0.480287
0.480344
0.480401
0.480458
0.480515
0.480572
0.480629
0.480686
0.480743
0.480800
0.480857
0.480914
0.480971
0.481028
0.481085
0.481142
0.481199
0.481256
0.481313
0.481369
0.481426
0.481483
0.481540
0.481597
0.481654
0.481711
0.481768
0.481825
0.481882
0.481939
0.481996
0.482053
0.482110
0.482167
0.482224
0.482281
0.482338
0.482395
0.482452
0.482509
0.482566
0.482623
0.482680
0.482737
0.482794
0.482851
0.482908
0.482965
0.483022
0.483079
0.483136
0.483193
0.483250
0.483307
0.483364
0.483421
0.483478
0.483534
0.483591
0.483648
0.483705
0.483762
0.483819
0.483876
0.483933
0.483990
0.484047
0.484104
0.484161
0.484218
0.484275
0.484332
0.484389
0.484446
0.484503
0.484560
0.484617
0.484674
0.484731
0.484788
0.484845
0.484902
0.484959
0.485016
0.485073
0.485130
0.485187
0.485244
0.485301
0.485358
0.485415
0.485472
0.485529
0.485586
0.485642
0.485699
0.485756
0.485813
0.485870
0.485927
0.485984
0.486041
0.486098
0.486155
0.486212
0.486269
0.486326
0.486383
0.486440
0.486497
0.486554
0.486611
0.486668
0.486725
0.486782
0.486839
0.486896
0.486953
0.487010
0.487067
0.487124
0.487181
0.487238
0.487295
0.487352
0.487409
0.487466
0.487523
0.487580
0.487637
0.487694
0.487751
0.487808
0.487864
0.487921
0.487978
0.488035
0.488092
0.488149
0.488206
0.488263
0.488320
0.488377
0.488434
0.488491
0.488548
0.488605
0.488662
0.488719
0.488776
0.488833
0.488890
0.488947
0.489004
0.489061
0.489118
0.489175
0.489232
0.489289
0.489346
0.489403
0.489460
0.489517
0.489574
0.489631
0.489688
0.489745
0.489802
0.489859
0.489916
0.489973
0.490029
0.490086
0.490143
0.490200
0.490257
0.490314
0.490371
0.490428
0.490485
0.490542
0.490599
0.490656
0.490713
0.490770
0.490827
0.490884
0.490941
0.490998
0.491055
0.491112
0.491169
0.491226
0.491283
0.491340
0.491397
0.491454
0.491511
0.491568
0.491625
0.491682
0.491739
0.491796
0.491853
0.491910
0.491967
0.492024
0.492081
0.492137
0.492194
0.492251
0.492308
0.492365
0.492422
0.492479
0.492536
0.492593
0.492650
0.492707
0.492764
0.492821
0.492878
0.492935
0.492992
0.493049
0.493106
0.493163
0.493220
0.493277
0.493334
0.493391
0.493448
0.493505
0.493562
0.493619
0.493676
0.493733
0.493790
0.493847
0.493904
0.493961
0.494018
0.494075
0.494132
0.494189
0.494245
0.494302
0.494359
0.494416
0.494473
0.494530
0.494587
0.494644
0.494701
0.494758
0.494815
0.494872
0.494929
0.494986
0.495043
0.495100
0.495157
0.495214
0.495271
0.495328
0.495385
0.495442
0.495499
0.495556
0.495613
0.495670
0.495727
0.495784
0.495841
0.495898
0.495955
0.496012
0.496069
0.496126
0.496183
0.496240
0.496297
0.496354
0.496410
0.496467
0.496524
0.496581
0.496638
0.496695
0.496752
0.496809
0.496866
0.496923
0.496980
0.497037
0.497094
0.497151
0.497208
0.497265
0.497322
0.497379
0.497436
0.497493
0.497550
0.497607
0.497664
0.497721
0.497778
0.497835
0.497892
0.497949
0.498006
0.498063
0.498120
0.498177
0.498234
0.498291
0.498348
0.498405
0.498462
0.498519
0.498576
0.498632
0.498689
0.498746
0.498803
0.498860
0.498917
0.498974
0.499031
0.499088
0.499145
0.499202
0.499259
0.499316
0.499373
0.499430
0.499487
0.499544
0.499601
0.499658
0.499715
0.499772
0.499829
0.499886
0.499943
0.500000
0.500057
0.500114
0.500171
0.500228
0.500285
0.500342
0.500399
0.500456
0.500513
0.500570
0.500627
0.500684
0.500740
0.500797
0.500854
0.500911
0.500968
0.501025
0.501082
0.501139
0.501196
0.501253
0.501310
0.501367
0.501424
0.501481
0.501538
0.501595
0.501652
0.501709
0.501766
0.501823
0.501880
0.501937
0.501994
0.502051
0.502108
0.502165
0.502222
0.502279
0.502336
0.502393
0.502450
0.502507
0.502564
0.502621
0.502678
0.502735
0.502792
0.502849
0.502905
0.502962
0.503019
0.503076
0.503133
0.503190
0.503247
0.503304
0.503361
0.503418
0.503475
0.503532
0.503589
0.503646
0.503703
0.503760
0.503817
0.503874
0.503931
0.503988
0.504045
0.504102
0.504159
0.504216
0.504273
0.504330
0.504387
0.504444
0.504501
0.504558
0.504615
0.504672
0.504729
0.504786
0.504843
0.504900
0.504957
0.505014
0.505071
0.505127
0.505184
0.505241
0.505298
0.505355
0.505412
0.505469
0.505526
0.505583
0.505640
0.505697
0.505754
0.505811
0.505868
0.505925
0.505982
0.506039
0.506096
0.506153
0.506210
0.506267
0.506324
0.506381
0.506438
0.506495
0.506552
0.506609
0.506666
0.506723
0.506780
0.506837
0.506894
0.506951
0.507008
0.507065
0.507122
0.507178
0.507235
0.507292
0.507349
0.507406
0.507463
0.507520
0.507577
0.507634
0.507691
0.507748
0.507805
0.507862
0.507919
0.507976
0.508033
0.508090
0.508147
0.508204
0.508261
0.508318
0.508375
0.508432
0.508489
0.508546
0.508603
0.508660
0.508717
0.508774
0.508831
0.508888
0.508945
0.509002
0.509059
0.509116
0.509173
0.509230
0.509287
0.509344
0.509400
0.509457
0.509514
0.509571
0.509628
0.509685
0.509742
0.509799
0.509856
0.509913
0.509970
0.510027
0.510084
0.510141
0.510198
0.510255
0.510312
0.510369
0.510426
0.510483
0.510540
0.510597
0.510654
0.510711
0.510768
0.510825
0.510882
0.510939
0.510996
0.511053
0.511110
0.511167
0.511224
0.511281
0.511338
0.511395
0.511452
0.511508
0.511565
0.511622
0.511679
0.511736
0.511793
0.511850
0.511907
0.511964
0.512021
0.512078
0.512135
0.512192
0.512249
0.512306
0.512363
0.512420
0.512477
0.512534
0.512591
0.512648
0.512705
0.512762
0.512819
0.512876
0.512933
0.512990
0.513047
0.513104
0.513161
0.513218
0.513275
0.513332
0.513389
0.513446
0.513503
0.513560
0.513617
0.513673
0.513730
0.513787
0.513844
0.513901
0.513958
0.514015
0.514072
0.514129
0.514186
0.514243
0.514300
0.514357
0.514414
0.514471
0.514528
0.514585
0.514642
0.514699
0.514756
0.514813
0.514870
0.514927
0.514984
0.515041
0.515098
0.515155
0.515212
0.515269
0.515326
0.515383
0.515440
0.515497
0.515554
0.515611
0.515668
0.515725
0.515782
0.515839
0.515895
0.515952
0.516009
0.516066
0.516123
0.516180
0.516237
0.516294
0.516351
0.516408
0.516465
0.516522
0.516579
0.516636
0.516693
0.516750
0.516807
0.516864
0.516921
0.516978
0.517035
0.517092
0.517149
0.517206
0.517263
0.517320
0.517377
0.517434
0.517491
0.517548
0.517605
0.517662
0.517719
0.517776
0.517833
0.517890
0.517946
0.518003
0.518060
0.518117
0.518174
0.518231
0.518288
0.518345
0.518402
0.518459
0.518516
0.518573
0.518630
0.518687
0.518744
0.518801
0.518858
0.518915
0.518972
0.519029
0.519086
0.519143
0.519200
0.519257
0.519314
0.519371
0.519428
0.519485
0.519542
0.519599
0.519656
0.519713
0.519770
0.519827
0.519884
0.519941
0.519998
0.520055
0.520112
0.520168
0.520225
0.520282
0.520339
0.520396
0.520453
0.520510
0.520567
0.520624
0.520681
0.520738
0.520795
0.520852
0.520909
0.520966
0.521023
0.521080
0.521137
0.521194
0.521251
0.521308
0.521365
0.521422
0.521479
0.521536
0.521593
0.521650
0.521707
0.521764
0.521821
0.521878
0.521935
0.521992
0.522049
0.522106
0.522163
0.522220
0.522277
0.522333
0.522390
0.522447
0.522504
0.522561
0.522618
0.522675
0.522732
0.522789
0.522846
0.522903
0.522960
0.523017
0.523074
0.523131
0.523188
0.523245
0.523302
0.523359
0.523416
0.523473
0.523530
0.523587
0.523644
0.523701
0.523758
0.523815
0.523872
0.523929
0.523986
0.524043
0.524100
0.524157
0.524214
0.524271
0.524328
0.524384
0.524441
0.524498
0.524555
0.524612
0.524669
0.524726
0.524783
0.524840
0.524897
0.524954
0.525011
0.525068
0.525125
0.525182
0.525239
0.525296
0.525353
0.525410
0.525467
0.525524
0.525581
0.525638
0.525695
0.525752
0.525809
0.525866
0.525923
0.525980
0.526037
0.526094
0.526151
0.526208
0.526265
0.526322
0.526379
0.526436
0.526493
0.526550
0.526607
0.526663
0.526720
0.526777
0.526834
0.526891
0.526948
0.527005
0.527062
0.527119
0.527176
0.527233
0.527290
0.527347
0.527404
0.527461
0.527518
0.527575
0.527632
0.527689
0.527746
0.527803
0.527860
0.527917
0.527974
0.528031
0.528088
0.528145
0.528202
0.528259
0.528316
0.528373
0.528430
0.528487
0.528544
0.528601
0.528658
0.528714
0.528771
0.528828
0.528885
0.528942
0.528999
0.529056
0.529113
0.529170
0.529227
0.529284
0.529341
0.529398
0.529455
0.529512
0.529569
0.529626
0.529683
0.529740
0.529797
0.529854
0.529911
0.529968
0.530025
0.530082
0.530139
0.530196
0.530253
0.530310
0.530367
0.530424
0.530481
0.530538
0.530595
0.530652
0.530709
0.530766
0.530823
0.530879
0.530936
0.530993
0.531050
0.531107
0.531164
0.531221
0.531278
0.531335
0.531392
0.531449
0.531506
0.531563
0.531620
0.531677
0.531734
0.531791
0.531848
0.531905
0.531962
0.532019
0.532076
0.532133
0.532190
0.532247
0.532304
0.532361
0.532418
0.532475
0.532532
0.532589
0.532646
0.532703
0.532760
0.532817
0.532874
0.532931
0.532988
0.533045
0.533101
0.533158
0.533215
0.533272
0.533329
0.533386
0.533443
0.533500
0.533557
0.533614
0.533671
0.533728
0.533785
0.533842
0.533899
0.533956
0.534013
0.534070
0.534127
0.534184
0.534241
0.534298
0.534355
0.534412
0.534469
0.534526
0.534583
0.534640
0.534697
0.534754
0.534811
0.534868
0.534925
0.534982
0.535039
0.535096
0.535152
0.535209
0.535266
0.535323
0.535380
0.535437
0.535494
0.535551
0.535608
0.535665
0.535722
0.535779
0.535836
0.535893
0.535950
0.536007
0.536064
0.536121
0.536178
0.536235
0.536292
0.536349
0.536406
0.536463
0.536520
0.536577
0.536634
0.536691
0.536748
0.536805
0.536862
0.536919
0.536976
0.537033
0.537090
0.537147
0.537204
0.537261
0.537318
0.537374
0.537431
0.537488
0.537545
0.537602
0.537659
0.537716
0.537773
0.537830
0.537887
0.537944
0.538001
0.538058
0.538115
0.538172
0.538229
0.538286
0.538343
0.538400
0.538457
0.538514
0.538571
0.538628
0.538685
0.538742
0.538799
0.538856
0.538913
0.538970
0.539027
0.539084
0.539141
0.539198
0.539255
0.539312
0.539369
0.539426
0.539483
0.539539
0.539596
0.539653
0.539710
0.539767
0.539824
0.539881
0.539938
0.539995
0.540052
0.540109
0.540166
0.540223
0.540280
0.540337
0.540394
0.540451
0.540508
0.540565
0.540622
0.540679
0.540736
0.540793
0.540850
0.540907
0.540964
0.541021
0.541078
0.541135
0.541192
0.541249
0.541306
0.541363
0.541420
0.541477
0.541534
0.541591
0.541647
0.541704
0.541761
0.541818
0.541875
0.541932
0.541989
0.542046
0.542103
0.542160
0.542217
0.542274
0.542331
0.542388
0.542445
0.542502
0.542559
0.542616
0.542673
0.542730
0.542787
0.542844
0.542901
0.542958
0.543015
0.543072
0.543129
0.543186
0.543243
0.543300
0.543357
0.543414
0.543471
0.543528
0.543585
0.543642
0.543699
0.543756
0.543813
0.543869
0.543926
0.543983
0.544040
0.544097
0.544154
0.544211
0.544268
0.544325
0.544382
0.544439
0.544496
0.544553
0.544610
0.544667
0.544724
0.544781
0.544838
0.544895
0.544952
0.545009
0.545066
0.545123
0.545180
0.545237
0.545294
0.545351
0.545408
0.545465
0.545522
0.545579
0.545636
0.545693
0.545750
0.545807
0.545864
0.545920
0.545977
0.546034
0.546091
0.546148
0.546205
0.546262
0.546319
0.546376
0.546433
0.546490
0.546547
0.546604
0.546661
0.546718
0.546775
0.546832
0.546889
0.546946
0.547003
0.547060
0.547117
0.547174
0.547231
0.547288
0.547345
0.547402
0.547459
0.547516
0.547573
0.547630
0.547687
0.547744
0.547801
0.547858
0.547915
0.547972
0.548029
0.548086
0.548142
0.548199
0.548256
0.548313
0.548370
0.548427
0.548484
0.548541
0.548598
0.548655
0.548712
0.548769
0.548826
0.548883
0.548940
0.548997
0.549054
0.549111
0.549168
0.549225
0.549282
0.549339
0.549396
0.549453
0.549510
0.549567
0.549624
0.549681
0.549738
0.549795
0.549852
0.549909
0.549966
0.550023
0.550080
0.550137
0.550194
0.550251
0.550307
0.550364
0.550421
0.550478
0.550535
0.550592
0.550649
0.550706
0.550763
0.550820
0.550877
0.550934
0.550991
0.551048
0.551105
0.551162
0.551219
0.551276
0.551333
0.551390
0.551447
0.551504
0.551561
0.551618
0.551675
0.551732
0.551789
0.551846
0.551903
0.551960
0.552017
0.552074
0.552131
0.552188
0.552245
0.552302
0.552359
0.552415
0.552472
0.552529
0.552586
0.552643
0.552700
0.552757
0.552814
0.552871
0.552928
0.552985
0.553042
0.553099
0.553156
0.553213
0.553270
0.553327
0.553384
0.553441
0.553498
0.553555
0.553612
0.553669
0.553726
0.553783
0.553840
0.553897
0.553954
0.554011
0.554068
0.554125
0.554182
0.554239
0.554296
0.554353
0.554410
0.554467
0.554524
0.554581
0.554637
0.554694
0.554751
0.554808
0.554865
0.554922
0.554979
0.555036
0.555093
0.555150
0.555207
0.555264
0.555321
0.555378
0.555435
0.555492
0.555549
0.555606
0.555663
0.555720
0.555777
0.555834
0.555891
0.555948
0.556005
0.556062
0.556119
0.556176
0.556233
0.556290
0.556347
0.556404
0.556461
0.556518
0.556575
0.556632
0.556688
0.556745
0.556802
0.556859
0.556916
0.556973
0.557030
0.557087
0.557144
0.557201
0.557258
0.557315
0.557372
0.557429
0.557486
0.557543
0.557600
0.557657
0.557714
0.557771
0.557828
0.557885
0.557942
0.557999
0.558056
0.558113
0.558170
0.558227
0.558284
0.558341
0.558398
0.558455
0.558512
0.558569
0.558626
0.558683
0.558740
0.558797
0.558854
0.558910
0.558967
0.559024
0.559081
0.559138
0.559195
0.559252
0.559309
0.559366
0.559423
0.559480
0.559537
0.559594
0.559651
0.559708
0.559765
0.559822
0.559879
0.559936
0.559993
0.560050
0.560107
0.560164
0.560221
0.560278
0.560335
0.560392
0.560449
0.560506
0.560563
0.560620
0.560677
0.560734
0.560791
0.560848
0.560905
0.560962
0.561019
0.561075
0.561132
0.561189
0.561246
0.561303
0.561360
0.561417
0.561474
0.561531
0.561588
0.561645
0.561702
0.561759
0.561816
0.561873
0.561930
0.561987
0.562044
0.562101
0.562158
0.562215
0.562272
0.562329
0.562386
0.562443
0.562500
0.562557
0.562614
0.562671
0.562728
0.562785
0.562842
0.562899
0.562956
0.563013
0.563070
0.563127
0.563183
0.563240
0.563297
0.563354
0.563411
0.563468
0.563525
0.563582
0.563639
0.563696
0.563753
0.563810
0.563867
0.563924
0.563981
0.564038
0.564095
0.564152
0.564209
0.564266
0.564323
0.564380
0.564437
0.564494
0.564551
0.564608
0.564665
0.564722
0.564779
0.564836
0.564893
0.564950
0.565007
0.565064
0.565121
0.565178
0.565235
0.565292
0.565349
0.565405
0.565462
0.565519
0.565576
0.565633
0.565690
0.565747
0.565804
0.565861
0.565918
0.565975
0.566032
0.566089
0.566146
0.566203
0.566260
0.566317
0.566374
0.566431
0.566488
0.566545
0.566602
0.566659
0.566716
0.566773
0.566830
0.566887
0.566944
0.567001
0.567058
0.567115
0.567172
0.567229
0.567286
0.567343
0.567400
0.567457
0.567513
0.567570
0.567627
0.567684
0.567741
0.567798
0.567855
0.567912
0.567969
0.568026
0.568083
0.568140
0.568197
0.568254
0.568311
0.568368
0.568425
0.568482
0.568539
0.568596
0.568653
0.568710
0.568767
0.568824
0.568881
0.568938
0.568995
0.569052
0.569109
0.569166
0.569223
0.569280
0.569337
0.569394
0.569451
0.569508
0.569565
0.569622
0.569678
