0.451092
0.452188
0.453283
0.454379
0.455477
0.456573
0.457670
0.458765
0.459861
0.460959
0.462055
0.463152
0.464248
0.465345
0.466441
0.467539
0.468634
0.469731
0.470828
0.471924
0.473021
0.474118
0.475214
0.476310
0.477408
0.478505
0.479602
0.480697
0.481794
0.482891
0.483987
0.485083
0.486179
0.487277
0.488372
0.489468
0.490566
0.491662
0.492758
0.493856
0.494953
0.496048
0.497144
0.498240
0.499337
0.500432
0.501528
0.502623
0.503721
0.504816
0.505912
0.507008
0.508105
0.509201
0.510299
0.511393
0.512491
0.513590
0.514686
0.515783
0.516880
0.517976
0.519071
0.520169
0.521262
0.522359
0.523456
0.524553
0.525649
0.526745
0.527841
0.528939
0.530035
0.531132
0.532229
0.533326
0.534422
0.535518
0.536615
0.537713
0.538809
0.539904
0.541001
0.542097
0.543195
0.544291
0.545386
0.546483
0.547580
0.548676
0.549772
0.550869
0.551965
0.553064
0.554160
0.555257
0.556352
0.557449
0.558544
0.559641
0.560737
0.561832
0.562929
0.564026
0.565123
0.566218
0.567315
0.568414
0.569510
0.570606
0.571702
0.572798
0.573896
0.574993
0.576088
0.577184
0.578280
0.579376
0.580473
0.581570
0.582667
0.583763
0.584859
0.585957
0.587055
0.588150
0.589246
0.590342
0.591439
0.592535
0.593631
0.594727
0.595825
0.596922
0.598017
0.599114
0.600210
0.601307
0.602403
0.603500
0.604596
0.605694
0.606789
0.607886
0.608982
0.610079
0.611176
0.612273
0.613369
0.614464
0.615563
0.616657
0.617754
0.618851
0.619948
0.621044
0.622140
0.623236
0.624334
0.625431
0.626527
0.627625
0.628720
0.629816
0.630911
0.632010
0.633105
0.634201
0.635298
0.636394
0.637492
0.638587
0.639684
0.640780
0.641877
0.642974
0.644069
0.645167
0.646264
0.647361
0.648456
0.649552
0.650649
0.651745
0.652843
0.653937
0.655036
0.656132
0.657227
0.658324
0.659421
0.660519
0.661615
0.662712
0.663809
0.664904
0.666000
0.667097
0.668192
0.669291
0.670386
0.671483
0.672580
0.673676
0.674772
0.675868
0.676965
0.678061
0.679159
0.680254
0.681352
0.682449
0.683545
0.684641
0.685737
0.686835
0.687931
0.689027
0.690123
0.691220
0.692316
0.693412
0.694508
0.695605
0.696702
0.697797
0.698895
0.699991
0.701088
0.702186
0.703280
0.704377
0.705475
0.706571
0.707668
0.708764
0.709861
0.710957
0.712053
0.713150
0.714248
0.715343
0.716441
0.717536
0.718632
0.719730
0.720826
0.721922
0.723018
0.724116
0.725211
0.726307
0.727404
0.728501
0.729599
0.730693
0.731791
0.732887
0.733984
0.735080
0.736178
0.737274
0.738370
0.739467
0.740564
0.741661
0.742757
0.743853
0.744948
0.746045
0.747142
0.748237
0.749333
0.750431
0.751528
0.752625
0.753721
0.754817
0.755913
0.757010
0.758106
0.759202
0.760299
0.761396
0.762494
0.763589
0.764686
0.765782
0.766878
0.767976
0.769072
0.770168
0.771265
0.772361
0.773459
0.774556
0.775650
0.776747
0.777844
0.778941
0.780037
0.781134
0.782231
0.783327
0.784425
0.785520
0.786617
0.787714
0.788809
0.789907
0.791005
0.792100
0.793195
0.794293
0.795389
0.796485
0.797583
0.798679
0.799775
0.800872
0.801967
0.803063
0.804161
0.805255
0.806354
0.807450
0.808548
0.809645
0.810741
0.811836
0.812932
0.814029
0.815126
0.816223
0.817319
0.818416
0.819511
0.820609
0.821706
0.822802
0.823898
0.824994
0.826091
0.827187
0.828286
0.829382
0.830477
0.831573
0.832671
0.833767
0.834864
0.835961
0.837058
0.838154
0.839250
0.840348
0.841443
0.842540
0.843636
0.844732
0.845830
0.846924
0.848021
0.849119
0.850215
0.851311
0.852410
0.853505
0.854602
0.855698
0.856794
0.857892
0.858987
0.860083
0.861180
0.862278
0.863375
0.864472
0.865567
0.866663
0.867760
0.868855
0.869954
0.871050
0.872146
0.873242
0.874340
0.875437
0.876532
0.877629
0.878726
0.879823
0.880919
0.882015
0.883112
0.884209
0.885306
0.886400
0.887499
0.888596
0.889692
0.890789
0.891885
0.892981
0.894077
0.895174
0.896271
0.897368
0.898463
0.899562
0.900657
0.901754
0.902848
0.903948
0.905043
0.906140
0.907237
0.908332
0.909430
0.910527
0.911624
0.912720
0.913816
0.914912
0.916009
0.917105
0.918203
0.919297
0.920396
0.921491
0.922587
0.923685
0.924781
0.925878
0.926973
0.928069
0.929167
0.930264
0.931360
0.932458
0.933554
0.934649
0.935748
0.936845
0.937942
0.939038
0.940134
0.941230
0.942327
0.943425
0.944520
0.945616
0.946711
0.947809
0.948905
0.950000
0.951098
0.952195
0.953292
0.954389
0.955485
0.956584
0.957678
0.958779
0.959877
0.960970
0.962066
0.963162
0.964258
0.965354
0.966452
0.967548
0.968644
0.969741
0.970836
0.971935
0.973031
0.974130
0.975225
0.976323
0.977419
0.978516
0.979613
0.980709
0.981806
0.982901
0.983998
0.985094
0.986192
0.987289
0.988385
0.989482
0.990578
0.991675
0.992770
0.993867
0.994965
0.996059
0.997158
0.998256
0.999349
1.000446
1.001544
1.002639
1.003736
1.004833
1.005930
1.007024
1.008124
1.009219
1.010316
1.011410
1.012509
1.013605
1.014701
1.015797
1.016896
1.017990
1.019088
1.020188
1.021283
1.022378
1.023474
1.024572
1.025670
1.026766
1.027863
1.028961
1.030060
1.031154
1.032251
1.033348
1.034443
1.035540
1.036637
1.037735
1.038829
1.039927
1.041023
1.042120
1.043218
1.044315
1.045412
1.046505
1.047607
1.048700
1.049798
1.050896
1.051993
1.053090
1.054186
1.055283
1.056379
1.057477
1.058573
1.059671
1.060766
1.061863
1.062960
1.064056
1.065155
1.066252
1.067349
1.068443
1.069541
1.070637
1.071736
1.072830
1.073928
1.075024
1.076120
1.077219
1.078316
1.079414
1.080511
1.081608
1.082706
1.083804
1.084901
1.085994
1.087096
1.088191
1.089290
1.090385
1.091482
1.092578
1.093674
1.094773
1.095870
1.096966
1.098063
1.099164
1.100256
1.101354
1.102453
1.103550
1.104647
1.105744
1.106841
1.107937
1.109035
1.110134
1.111231
1.112329
1.113427
1.114523
1.115622
1.116718
1.117813
1.118911
1.120010
1.121105
1.122203
1.123298
1.124396
1.125495
1.126595
1.127691
1.128791
1.129884
1.130984
1.132080
1.133177
1.134275
1.135370
1.136470
1.137565
1.138664
1.139764
1.140862
1.141957
1.143056
1.144156
1.145253
1.146350
1.147449
1.148543
1.149641
1.150741
1.151839
1.152935
1.154034
1.155130
1.156229
1.157324
1.158425
1.159522
1.160621
1.161719
1.162819
1.163914
1.165013
1.166112
1.167210
1.168307
1.169403
1.170502
1.171601
1.172699
1.173795
1.174897
1.175993
1.177093
1.178196
1.179292
1.180389
1.181487
1.182585
1.183683
1.184784
1.185881
1.186978
1.188074
1.189178
1.190271
1.191373
1.192469
1.193571
1.194669
1.195771
1.196867
1.197967
1.199067
1.200164
1.201264
1.202364
1.203465
1.204562
1.205661
1.206757
1.207861
1.208956
1.210059
1.211156
1.212256
1.213354
1.214454
1.215554
1.216655
1.217752
1.218852
1.219954
1.221053
1.222151
1.223252
1.224353
1.225454
1.226554
1.227650
1.228752
1.229852
1.230955
1.232054
1.233152
1.234254
1.235354
1.236457
1.237555
1.238655
1.239756
1.240857
1.241958
1.243057
1.244159
1.245259
1.246363
1.247460
1.248563
1.249666
1.250770
1.251866
1.252966
1.254069
1.255174
1.256273
1.257373
1.258478
1.259580
1.260682
1.261784
1.262885
1.263986
1.265087
1.266190
1.267293
1.268396
1.269501
1.270601
1.271705
1.272807
1.273911
1.275014
1.276116
1.277221
1.278322
1.279425
1.280528
1.281632
1.282734
1.283840
1.284943
1.286046
1.287151
1.288255
1.289359
1.290462
1.291569
1.292673
1.293776
1.294884
1.295990
1.297094
1.298198
1.299299
1.300408
1.301514
1.302621
1.303725
1.304832
1.305938
1.307041
1.308150
1.309256
1.310362
1.311469
1.312575
1.313680
1.314789
1.315895
1.317003
1.318111
1.319219
1.320323
1.321433
1.322545
1.323652
1.324762
1.325868
1.326976
1.328087
1.329196
1.330303
1.331413
1.332521
1.333631
1.334738
1.335852
1.336959
1.338070
1.339180
1.340292
1.341403
1.342511
1.343624
1.344736
1.345846
1.346956
1.348074
1.349185
1.350298
1.351409
1.352524
1.353633
1.354750
1.355863
1.356978
1.358095
1.359205
1.360321
1.361435
1.362550
1.363664
1.364779
1.365892
1.367009
1.368126
1.369241
1.370357
1.371476
1.372591
1.373707
1.374826
1.375945
1.377064
1.378185
1.379302
1.380419
1.381539
1.382660
1.383777
1.384896
1.386014
1.387138
1.388260
1.389382
1.390503
1.391624
1.392747
1.393869
1.394992
1.396116
1.397239
1.398364
1.399486
1.400611
1.401736
1.402863
1.403987
1.405111
1.406242
1.407370
1.408496
1.409623
1.410752
1.411878
1.413009
1.414137
1.415268
1.416392
1.417522
1.418652
1.419789
1.420919
1.422053
1.423182
1.424316
1.425452
1.426579
1.427716
1.428851
1.429987
1.431124
1.432258
1.433392
1.434526
1.435666
1.436805
1.437942
1.439078
1.440219
1.441361
1.442503
1.443642
1.444784
1.445927
1.447072
1.448210
1.449356
1.450501
1.451648
1.452795
1.453935
1.455085
1.456233
1.457377
1.458526
1.459677
1.460821
1.461971
1.463125
1.464279
1.465431
1.466583
1.467736
1.468891
1.470050
1.471203
1.472359
1.473517
1.474672
1.475834
1.476991
1.478148
1.479312
1.480473
1.481633
1.482794
1.483958
1.485123
1.486288
1.487455
1.488620
1.489786
1.490959
1.492125
1.493295
1.494465
1.495639
1.496812
1.497985
1.499160
1.500335
1.501509
1.502687
1.503863
1.505045
1.506222
1.507405
1.508587
1.509769
1.510953
1.512136
1.513324
1.514512
1.515700
1.516886
1.518075
1.519265
1.520459
1.521648
1.522845
1.524039
1.525236
1.526433
1.527630
1.528829
1.530032
1.531235
1.532438
1.533642
1.534846
1.536054
1.537262
1.538470
1.539680
1.540886
1.542103
1.543315
1.544533
1.545749
1.546968
1.548186
1.549408
1.550629
1.551850
1.553075
1.554298
1.555531
1.556757
1.557992
1.559221
1.560451
1.561687
1.562925
1.564160
1.565399
1.566638
1.567883
1.569125
1.570366
1.571616
1.572867
1.574115
1.575366
1.576621
1.577875
1.579132
1.580385
1.581645
1.582905
1.584169
1.585435
1.586699
1.587970
1.589239
1.590510
1.591785
1.593060
1.594336
1.595615
1.596897
1.598176
1.599462
1.600748
1.602039
1.603327
1.604621
1.605914
1.607208
1.608505
1.609807
1.611107
1.612410
1.613714
1.615024
1.616337
1.617645
1.618961
1.620281
1.621594
1.622916
1.624242
1.625565
1.626891
1.628221
1.629550
1.630884
1.632220
1.633554
1.634897
1.636240
1.637587
1.638933
1.640285
1.641637
1.642987
1.644346
1.645705
1.647064
1.648430
1.649796
1.651164
1.652538
1.653910
1.655286
1.656663
1.658047
1.659429
1.660817
1.662205
1.663599
1.664989
1.666384
1.667784
1.669187
1.670588
1.671997
1.673405
1.674816
1.676233
1.677652
1.679072
1.680495
1.681919
1.683348
1.684780
1.686215
1.687652
1.689092
1.690534
1.691980
1.693428
1.694875
1.696330
1.697790
1.699248
1.700712
1.702176
1.703645
1.705112
1.706588
1.708064
1.709546
1.711027
1.712511
1.714003
1.715495
1.716989
1.718486
1.719990
1.721493
1.722998
1.724507
1.726021
1.727538
1.729053
1.730575
1.732100
1.733624
1.735158
1.736691
1.738229
1.739769
1.741308
1.742856
1.744406
1.745960
1.747518
1.749074
1.750640
1.752201
1.753769
1.755341
1.756915
1.758491
1.760071
1.761653
1.763239
1.764830
1.766422
1.768018
1.769619
1.771217
1.772822
1.774430
1.776044
1.777658
1.779274
1.780895
1.782518
1.784144
1.785774
1.787409
1.789048
1.790683
1.792326
1.793970
1.795617
1.797270
1.798921
1.800578
1.802241
1.803901
1.805570
1.807235
1.808909
1.810585
1.812259
1.813943
1.815628
1.817315
1.819005
1.820697
1.822391
1.824091
1.825793
1.827495
1.829201
1.830908
1.832622
1.834336
1.836053
1.837775
1.839499
1.841224
1.842950
1.844684
1.846416
1.848156
1.849896
1.851635
1.853378
1.855127
1.856877
1.858629
1.860384
1.862142
1.863899
1.865663
1.867428
1.869193
1.870962
1.872737
1.874509
1.876285
1.878063
1.879845
1.881627
1.883409
1.885198
1.886989
1.888777
1.890578
1.892369
1.894168
1.895966
1.897768
1.899572
1.901381
1.903187
1.904998
1.906810
1.908620
1.910439
1.912253
1.914070
1.915892
1.917712
1.919537
1.921358
1.923187
1.925012
1.926843
1.928675
1.930506
1.932340
1.934179
1.936016
1.937858
1.939696
1.941534
1.943377
1.945220
1.947068
1.948913
1.950758
1.952602
1.954453
1.956298
1.958153
1.960003
1.961856
1.963706
1.965560
1.967416
1.969272
1.971128
1.972987
1.974846
1.976704
1.978562
1.980418
1.982281
1.984141
1.985998
1.987862
1.989720
1.991580
1.993448
1.995307
1.997169
1.999034
2.000890
2.002754
2.004616
2.006474
2.008341
2.010202
2.012069
2.013931
2.015795
2.017657
2.019519
2.021377
2.023241
2.025103
2.026961
2.028826
2.030683
2.032543
2.034401
2.036260
2.038118
2.039974
2.041836
2.043686
2.045543
2.047395
2.049251
2.051106
2.052956
2.054807
2.056659
2.058504
2.060354
2.062198
2.064046
2.065895
2.067740
2.069582
2.071422
2.073263
2.075098
2.076939
2.078773
2.080607
2.082445
2.084280
2.086110
2.087939
2.089767
2.091595
2.093422
2.095246
2.097068
2.098893
2.100713
2.102529
2.104347
2.106155
2.107970
2.109779
2.111593
2.113398
2.115202
2.117001
2.118804
2.120603
2.122406
2.124197
2.125991
2.127783
2.129570
2.131368
2.133150
2.134934
2.136717
2.138499
2.140275
2.142048
2.143820
2.145594
2.147359
2.149125
2.150886
2.152650
2.154412
2.156160
2.157921
2.159675
2.161425
2.163176
2.164918
2.166665
2.168406
2.170146
2.171882
2.173609
2.175339
2.177068
2.178792
2.180519
2.182239
2.183950
2.185669
2.187379
2.189093
2.190799
2.192508
2.194208
2.195916
2.197614
2.199308
2.201000
2.202694
2.204375
2.206063
2.207741
2.209424
2.211095
2.212768
2.214437
2.216113
2.217770
2.219433
2.221094
2.222751
2.224406
2.226058
2.227712
2.229358
2.231003
2.232641
2.234281
2.235917
2.237546
2.239181
2.240805
2.242434
2.244056
2.245675
2.247285
2.248899
2.250513
2.252121
2.253725
2.255333
2.256933
2.258528
2.260123
2.261716
2.263304
2.264896
2.266477
2.268052
2.269628
2.271213
2.272782
2.274348
2.275914
2.277482
2.279042
2.280600
2.282156
2.283716
2.285263
2.286814
2.288362
2.289906
2.291448
2.292989
2.294523
2.296055
2.297590
2.299111
2.300637
2.302158
2.303673
2.305194
2.306704
2.308216
2.309725
2.311234
2.312733
2.314244
2.315736
2.317240
2.318731
2.320226
2.321712
2.323196
2.324687
2.326161
2.327645
2.329120
2.330594
2.332062
2.333534
2.335002
2.336457
2.337927
2.339384
2.340845
2.342297
2.343750
2.345204
2.346648
2.348093
2.349539
2.350978
2.352417
2.353854
2.355289
2.356717
2.358147
2.359574
2.361000
2.362422
2.363842
2.365257
2.366669
2.368086
2.369498
2.370906
2.372314
2.373725
2.375126
2.376529
2.377930
2.379330
2.380721
2.382117
2.383502
2.384895
2.386282
2.387661
2.389043
2.390419
2.391797
2.393170
2.394539
2.395912
2.397289
2.398659
2.400024
2.401388
2.402751
2.404109
2.405473
2.406825
2.408181
2.409530
2.410884
2.412233
2.413575
2.414923
2.416268
2.417607
2.418946
2.420286
2.421620
2.422958
2.424286
2.425620
2.426949
2.428269
2.429600
2.430927
2.432253
2.433570
2.434894
2.436209
2.437524
2.438840
2.440149
2.441466
2.442777
2.444076
2.445380
2.446684
2.447989
2.449286
2.450590
2.451890
2.453183
2.454479
2.455775
2.457069
2.458357
2.459648
2.460937
2.462220
2.463508
2.464788
2.466070
2.467350
2.468626
2.469904
2.471175
2.472451
2.473720
2.474992
2.476264
2.477529
2.478799
2.480062
2.481335
2.482598
2.483863
2.485122
2.486382
2.487645
2.488900
2.490153
2.491411
2.492665
2.493912
2.495166
2.496411
2.497660
2.498904
2.500155
2.501401
2.502643
2.503886
2.505133
2.506366
2.507604
2.508845
2.510086
2.511320
2.512548
2.513783
2.515014
2.516250
2.517481
2.518709
2.519938
2.521161
2.522385
2.523603
2.524831
2.526051
2.527277
2.528496
2.529712
2.530926
2.532148
2.533369
2.534581
2.535801
2.537010
2.538221
2.539434
2.540648
2.541851
2.543062
2.544273
2.545476
2.546686
2.547894
2.549098
2.550299
2.551496
2.552697
2.553900
2.555099
2.556297
2.557498
2.558690
2.559889
2.561093
2.562283
2.563478
2.564665
2.565862
2.567052
2.568243
2.569430
2.570625
2.571809
2.572994
2.574183
2.575366
2.576554
2.577743
2.578921
2.580110
2.581294
2.582479
2.583659
2.584835
2.586014
2.587198
2.588369
2.589550
2.590728
2.591905
2.593081
2.594248
2.595420
2.596595
2.597774
2.598941
2.600118
2.601290
2.602461
2.603632
2.604803
2.605975
2.607143
2.608316
2.609479
2.610645
2.611812
2.612972
2.614136
2.615299
2.616464
2.617630
2.618787
2.619952
2.621114
2.622276
2.623439
2.624600
2.625762
2.626916
2.628075
2.629236
2.630391
2.631545
2.632700
2.633862
2.635014
2.636174
2.637326
2.638475
2.639630
2.640786
2.641937
2.643089
2.644243
2.645396
2.646549
2.647697
2.648847
2.649998
2.651147
2.652294
2.653438
2.654585
2.655731
2.656880
2.658030
2.659175
2.660315
2.661467
2.662608
2.663757
2.664900
2.666045
2.667191
2.668335
2.669475
2.670617
2.671764
2.672903
2.674039
2.675188
2.676328
2.677462
2.678600
2.679744
2.680877
2.682019
2.683160
2.684299
2.685439
2.686576
2.687715
2.688848
2.689983
2.691118
2.692255
2.693392
2.694527
2.695662
2.696796
2.697928
2.699071
2.700194
2.701335
2.702466
2.703603
2.704729
2.705869
2.706998
2.708134
2.709261
2.710399
2.711524
2.712652
2.713782
2.714910
2.716038
2.717171
2.718302
2.719431
2.720559
2.721690
2.722814
2.723945
2.725073
2.726201
2.727332
2.728456
2.729582
2.730710
2.731832
2.732961
2.734089
2.735208
2.736337
2.737463
2.738585
2.739717
2.740840
2.741966
2.743086
2.744212
2.745336
2.746460
2.747575
2.748695
2.749820
2.750948
2.752069
2.753194
2.754318
2.755439
2.756557
2.757674
2.758798
2.759921
2.761040
2.762154
2.763278
2.764395
2.765520
2.766635
2.767758
2.768868
2.769997
2.771114
2.772238
2.773350
2.774468
2.775592
2.776710
2.777823
2.778944
2.780059
2.781171
2.782289
2.783403
2.784522
2.785638
2.786749
2.787869
2.788990
2.790103
2.791221
2.792333
2.793450
2.794561
2.795673
2.796787
2.797908
2.799028
2.800138
2.801250
2.802371
2.803479
2.804591
2.805709
2.806817
2.807927
2.809043
2.810160
2.811268
2.812377
2.813495
2.814598
2.815711
2.816826
2.817939
2.819054
2.820164
2.821273
2.822385
2.823494
2.824603
2.825720
2.826827
2.827941
2.829050
2.830157
2.831264
2.832376
2.833484
2.834601
2.835707
2.836811
2.837920
2.839032
2.840135
2.841247
2.842353
2.843463
2.844573
2.845688
2.846794
2.847899
2.849007
2.850111
2.851221
2.852334
2.853436
2.854544
2.855647
2.856757
2.857862
2.858972
2.860072
2.861184
2.862287
2.863393
2.864496
2.865612
2.866718
2.867822
2.868922
2.870028
2.871139
2.872242
2.873349
2.874454
2.875560
2.876661
2.877767
2.878870
2.879973
2.881077
2.882181
2.883285
2.884390
2.885496
2.886602
2.887707
2.888805
2.889911
2.891012
2.892115
2.893219
2.894322
2.895429
2.896524
2.897632
2.898732
2.899837
2.900938
2.902047
2.903142
2.904247
2.905348
2.906451
2.907556
2.908653
2.909759
2.910858
2.911959
2.913063
2.914164
2.915264
2.916361
2.917468
2.918570
2.919667
2.920768
2.921874
2.922974
2.924074
2.925175
2.926279
2.927374
2.928476
2.929578
2.930681
2.931775
2.932883
2.933976
2.935081
2.936176
2.937281
2.938378
2.939476
2.940575
2.941676
2.942774
2.943876
2.944965
2.946072
2.947166
2.948271
2.949367
2.950470
2.951571
2.952663
2.953763
2.954864
2.955959
2.957063
2.958157
2.959258
2.960356
2.961447
2.962548
2.963643
2.964747
2.965844
2.966941
2.968040
2.969136
2.970233
2.971334
2.972430
2.973524
2.974625
2.975724
2.976819
2.977917
2.979013
2.980105
2.981204
2.982303
2.983402
2.984493
2.985592
2.986696
2.987790
2.988887
2.989982
2.991081
2.992174
2.993275
2.994365
2.995464
2.996562
2.997653
2.998750
2.999852
3.000944
3.002039
3.003133
3.004226
3.005330
3.006427
3.007523
3.008617
3.009712
3.010807
3.011910
3.013003
3.014100
3.015189
3.016285
3.017382
3.018484
3.019572
3.020674
3.021769
3.022864
3.023954
3.025053
3.026149
3.027245
3.028336
3.029433
3.030530
3.031623
3.032717
3.033817
3.034909
3.036004
3.037098
3.038198
3.039293
3.040382
3.041482
3.042579
3.043679
3.044768
3.045862
3.046963
3.048051
3.049150
3.050249
3.051338
3.052439
3.053529
3.054629
3.055715
3.056814
3.057911
3.059008
3.060100
3.061195
3.062293
3.063386
3.064476
3.065575
3.066676
3.067767
3.068856
3.069958
3.071054
3.072149
3.073241
3.074337
3.075426
3.076520
3.077618
3.078715
3.079809
3.080902
3.081998
3.083087
3.084188
3.085285
3.086378
3.087475
3.088567
3.089667
3.090755
3.091852
3.092948
3.094046
3.095139
3.096229
3.097325
3.098425
3.099517
3.100613
3.101708
3.102800
3.103894
3.104996
3.106084
3.107187
3.108274
3.109365
3.110464
3.111560
3.112651
3.113743
3.114839
3.115939
3.117028
3.118124
3.119222
3.120317
3.121410
3.122502
3.123597
3.124693
3.125788
3.126881
3.127975
3.129071
3.130168
3.131259
3.132354
3.133448
3.134549
3.135645
3.136737
3.137834
3.138924
3.140014
3.141111
3.142210
3.143302
3.144403
3.145491
3.146585
3.147679
3.148776
3.149869
3.150965
3.152057
3.153153
3.154245
3.155344
3.156438
3.157535
3.158622
3.159723
3.160819
3.161908
3.163000
3.164097
3.165188
3.166285
3.167377
3.168472
3.169567
3.170661
3.171760
3.172848
3.173946
3.175041
3.176133
3.177231
3.178324
3.179419
3.180511
3.181610
3.182700
3.183798
3.184892
3.185987
3.187080
3.188179
3.189270
3.190364
3.191458
3.192551
3.193648
3.194745
3.195836
3.196927
3.198020
3.199117
3.200208
3.201303
3.202396
3.203488
3.204586
3.205675
3.206777
3.207865
3.208967
3.210059
3.211145
3.212250
3.213338
3.214436
3.215531
3.216630
3.217719
3.218810
3.219906
3.221008
3.222096
3.223187
3.224282
3.225382
3.226472
3.227566
3.228666
3.229760
3.230855
3.231948
3.233039
3.234134
3.235228
3.236323
3.237421
3.238518
3.239602
3.240704
3.241801
3.242892
3.243987
3.245078
3.246176
3.247269
3.248364
3.249454
3.250553
3.251645
3.252742
3.253833
3.254924
3.256024
3.257116
3.258210
3.259301
3.260398
3.261497
3.262586
3.263681
3.264780
3.265871
3.266968
3.268062
3.269156
3.270248
3.271343
3.272439
3.273533
3.274631
3.275721
3.276816
3.277913
3.279011
3.280102
3.281196
3.282290
3.283383
3.284477
3.285575
3.286672
3.287770
3.288864
3.289963
3.291055
3.292146
3.293243
3.294337
3.295433
3.296526
3.297618
3.298718
3.299809
3.300907
3.302003
3.303100
3.304193
3.305286
3.306380
3.307474
3.308568
3.309667
3.310760
3.311854
3.312949
3.314047
3.315140
3.316234
3.317327
3.318420
3.319522
3.320618
3.321714
3.322810
3.323907
3.324997
3.326092
3.327180
3.328283
3.329382
3.330474
3.331572
3.332665
3.333761
3.334858
3.335950
3.337049
3.338143
3.339243
3.340335
3.341434
3.342526
3.343622
3.344715
3.345805
3.346900
3.347999
3.349091
3.350189
3.351289
3.352381
3.353483
3.354579
3.355675
3.356768
3.357855
3.358953
3.360053
3.361147
3.362242
3.363339
3.364434
3.365528
3.366622
3.367717
3.368812
3.369912
3.371009
3.372102
3.373192
3.374296
3.375385
3.376487
3.377581
3.378677
3.379767
3.380863
3.381961
3.383054
3.384146
3.385244
3.386340
3.387435
3.388527
3.389622
3.390720
3.391813
3.392911
3.394008
3.395103
3.396194
3.397290
3.398380
3.399482
3.400573
3.401668
3.402763
3.403859
3.404953
3.406045
3.407140
3.408234
3.409323
3.410421
3.411514
3.412611
3.413697
3.414794
3.415888
3.416985
3.418075
3.419166
3.420262
3.421353
3.422439
3.423532
3.424631
3.425724
3.426817
3.427909
3.429002
3.430088
3.431180
3.432273
3.433358
3.434448
3.435542
3.436634
3.437722
3.438813
3.439897
3.440995
3.442085
3.443173
3.444255
3.445346
3.446433
3.447522
3.448615
3.449700
3.450780
3.451867
3.452951
3.454039
3.455122
3.456211
3.457294
3.458382
3.459464
3.460539
3.461631
3.462709
3.463792
3.464872
3.465953
3.467030
3.468115
3.469192
3.470268
3.471344
3.472420
3.473498
3.474572
3.475645
3.476721
3.477799
3.478871
3.479939
3.481008
3.482079
3.483150
3.484218
3.485281
3.486354
3.487418
3.488481
3.489543
3.490603
3.491664
3.492728
3.493786
3.494843
3.495903
3.496948
3.498006
3.499057
3.500106
3.501156
3.502203
3.503254
3.504294
3.505335
3.506380
3.507420
3.508459
3.509493
3.510527
3.511563
3.512598
3.513623
3.514647
3.515671
3.516699
3.517711
3.518729
3.519741
3.520758
3.521768
3.522773
3.523783
3.524782
3.525784
3.526778
3.527772
3.528764
3.529753
3.530737
3.531717
3.532694
3.533668
3.534639
3.535604
3.536567
3.537530
3.538486
3.539439
3.540387
3.541332
3.542271
3.543205
3.544137
3.545059
3.545983
3.546899
3.547808
3.548719
3.549617
3.550519
3.551400
3.552292
3.553167
3.554042
3.554910
3.555771
3.556630
3.557472
3.558318
3.559150
3.559983
3.560805
3.561622
3.562423
3.563225
3.564015
3.564792
3.565571
3.566341
3.567102
3.567853
3.568593
3.569328
3.570049
3.570765
3.571474
3.572171
3.572857
3.573528
3.574197
3.574847
3.575495
3.576124
3.576751
3.577360
3.577955
3.578541
3.579116
3.579676
3.580227
3.580765
3.581283
3.581795
3.582294
3.582772
3.583238
3.583694
3.584133
3.584553
3.584959
3.585353
3.585729
3.586087
3.586429
3.586756
3.587066
3.587354
3.587631
3.587888
3.588120
3.588341
3.588539
3.588714
3.588876
3.589016
3.589139
3.589228
3.589310
3.589368
3.589400
3.589411
3.589397
3.589360
3.589304
3.589223
3.589114
3.588980
3.588823
3.588649
3.588433
3.588201
3.587939
3.587653
3.587337
3.586993
3.586624
3.586226
3.585796
3.585334
3.584842
3.584328
3.583776
3.583194
3.582585
3.581937
3.581258
3.580547
3.579801
3.579023
3.578207
3.577357
3.576475
3.575553
3.574597
3.573602
3.572571
3.571503
3.570395
3.569251
3.568060
3.566841
3.565573
3.564267
3.562918
3.561530
3.560099
3.558630
3.557106
3.555551
3.553946
3.552291
3.550600
3.548862
3.547075
3.545247
3.543362
3.541436
3.539458
3.537438
3.535367
3.533243
3.531074
3.528854
3.526580
3.524256
3.521883
3.519453
3.516971
3.514435
3.511845
3.509205
3.506510
3.503759
3.500955
3.498092
3.495170
3.492198
3.489166
3.486076
3.482934
3.479729
3.476460
3.473137
3.469756
3.466311
3.462807
3.459244
3.455619
3.451929
3.448184
3.444376
3.440506
3.436568
3.432570
3.428510
3.424386
3.420196
3.415941
3.411625
3.407245
3.402795
3.398283
3.393708
3.389059
3.384352
3.379584
3.374740
3.369825
3.364849
3.359807
3.354698
3.349525
3.344278
3.338964
3.333586
3.328142
3.322626
3.317046
3.311395
3.305677
3.299892
3.294036
3.288120
3.282129
3.276073
3.269947
3.263753
3.257490
3.251157
3.244762
3.238299
3.231767
3.225175
3.218504
3.211769
3.204968
3.198101
3.191170
3.184169
3.177105
3.169971
3.162775
3.155512
3.148188
3.140796
3.133339
3.125820
3.118236
3.110587
3.102879
3.095112
3.087268
3.079377
3.071419
3.063396
3.055316
3.047182
3.038985
3.030725
3.022410
3.014035
3.005610
2.997118
2.988577
2.979980
2.971326
2.962616
2.953857
2.945043
2.936176
2.927257
2.918291
2.909271
2.900202
2.891079
2.881918
2.872705
2.863446
2.854143
2.844791
2.835402
2.825962
2.816483
2.806960
2.797398
2.787797
2.778158
2.768480
2.758765
2.749011
2.739224
2.729402
2.719549
2.709658
2.699740
2.689785
2.679808
2.669798
2.659761
2.649698
2.639608
2.629493
2.619355
2.609197
2.599010
2.588810
2.578587
2.568346
2.558088
2.547807
2.537514
2.527211
2.516889
2.506557
2.496218
2.485861
2.475498
2.465125
2.454748
2.444362
2.433975
2.423580
2.413183
2.402783
2.392386
2.381982
2.371587
2.361190
2.350796
2.340406
2.330027
2.319647
2.309278
2.298920
2.288569
2.278227
2.267897
2.257580
2.247278
2.236992
2.226717
2.216461
2.206220
2.195999
2.185797
2.175616
2.165454
2.155316
2.145201
2.135111
2.125041
2.115002
2.104988
2.095004
2.085046
2.075114
2.065217
2.055346
2.045510
2.035704
2.025932
2.016196
2.006495
1.996829
1.987196
1.977602
1.968046
1.958526
1.949050
1.939608
1.930210
1.920852
1.911536
1.902262
1.893030
1.883842
1.874700
1.865597
1.856543
1.847532
1.838569
1.829654
1.820781
1.811960
1.803185
1.794463
1.785783
1.777154
1.768577
1.760048
1.751571
1.743142
1.734766
1.726439
1.718167
1.709943
1.701774
1.693656
1.685592
1.677579
1.669618
1.661714
1.653859
1.646062
1.638314
1.630625
1.622985
1.615404
1.607871
1.600399
1.592978
1.585609
1.578298
1.571041
1.563837
1.556688
1.549593
1.542553
1.535568
1.528637
1.521759
1.514936
1.508166
1.501452
1.494789
1.488184
1.481629
1.475129
1.468681
1.462288
1.455949
1.449660
1.443426
1.437242
1.431112
1.425034
1.419008
1.413033
1.407111
1.401238
1.395417
1.389645
1.383925
1.378257
1.372636
1.367066
1.361543
1.356070
1.350648
1.345272
1.339942
1.334663
1.329431
1.324245
1.319106
1.314015
1.308968
1.303970
1.299014
1.294101
1.289237
1.284416
1.279637
1.274905
1.270211
1.265566
1.260961
1.256398
1.251878
1.247399
1.242958
1.238559
1.234204
1.229885
1.225606
1.221367
1.217167
1.213006
1.208883
1.204795
1.200746
1.196736
1.192761
1.188823
1.184919
1.181051
1.177218
1.173422
1.169660
1.165929
1.162235
1.158574
1.154943
1.151348
1.147786
1.144253
1.140752
1.137284
1.133845
1.130437
1.127061
1.123715
1.120394
1.117109
1.113850
1.110620
1.107417
1.104242
1.101099
1.097980
1.094886
1.091824
1.088785
1.085774
1.082787
1.079827
1.076892
1.073984
1.071100
1.068241
1.065406
1.062594
1.059807
1.057046
1.054304
1.051587
1.048892
1.046223
1.043572
1.040943
1.038341
1.035758
1.033196
1.030653
1.028135
1.025635
1.023161
1.020704
1.018265
1.015849
1.013451
1.011073
1.008715
1.006377
1.004056
1.001755
0.999473
0.997211
0.994965
0.992738
0.990530
0.988339
0.986166
0.984011
0.981871
0.979750
0.977648
0.975560
0.973492
0.971438
0.969400
0.967380
0.965375
0.963388
0.961415
0.959460
0.957519
0.955595
0.953684
0.951791
0.949912
0.948048
0.946201
0.944366
0.942546
0.940743
0.938953
0.937177
0.935417
0.933670
0.931939
0.930219
0.928516
0.926825
0.925147
0.923483
0.921834
0.920195
0.918574
0.916964
0.915367
0.913781
0.912213
0.910654
0.909108
0.907577
0.906058
0.904551
0.903055
0.901573
0.900104
0.898645
0.897200
0.895767
0.894346
0.892937
0.891537
0.890150
0.888777
0.887415
0.886061
0.884723
0.883392
0.882076
0.880772
0.879476
0.878191
0.876918
0.875659
0.874407
0.873167
0.871936
0.870719
0.869514
0.868313
0.867125
0.865949
0.864785
0.863629
0.862484
0.861350
0.860222
0.859110
0.858003
0.856909
0.855822
0.854748
0.853682
0.852626
0.851579
0.850541
0.849513
0.848496
0.847488
0.846490
0.845499
0.844520
0.843550
0.842587
0.841637
0.840690
0.839754
0.838830
0.837914
0.837004
0.836107
0.835215
0.834334
0.833456
0.832594
0.831739
0.830890
0.830051
0.829223
0.828397
0.827582
0.826777
0.825978
0.825192
0.824407
0.823633
0.822870
0.822115
0.821361
0.820623
0.819885
0.819160
0.818438
0.817732
0.817026
0.816332
0.815645
0.814965
0.814291
0.813625
0.812968
0.812316
0.811670
0.811035
0.810410
0.809786
0.809174
0.808562
0.807964
0.807373
0.806784
0.806203
0.805633
0.805068
0.804509
0.803958
0.803411
0.802874
0.802343
0.801816
0.801300
0.800785
0.800285
0.799783
0.799293
0.798808
0.798329
0.797855
0.797390
0.796930
0.796474
0.796031
0.795591
0.795157
0.794725
0.794304
0.793887
0.793476
0.793073
0.792675
0.792281
0.791897
0.791513
0.791138
0.790774
0.790408
0.790051
0.789701
0.789355
0.789015
0.788684
0.788352
0.788029
0.787712
0.787403
0.787094
0.786796
0.786501
0.786211
0.785927
0.785648
0.785375
0.785104
0.784843
0.784586
0.784335
0.784088
0.783845
0.783608
0.783379
0.783152
0.782934
0.782719
0.782506
0.782301
0.782100
0.781904
0.781711
0.781525
0.781344
0.781168
0.781001
0.780833
0.780672
0.780515
0.780363
0.780216
0.780075
0.779936
0.779801
0.779674
0.779553
0.779434
0.779320
0.779210
0.779105
0.779004
0.778907
0.778815
0.778729
0.778646
0.778566
0.778495
0.778426
0.778359
0.778301
0.778244
0.778193
0.778144
0.778099
0.778063
0.778027
0.777998
0.777974
0.777947
0.777931
0.777917
0.777910
0.777903
0.777902
0.777901
0.777909
0.777921
0.777934
0.777955
0.777974
0.778002
0.778034
0.778068
0.778106
0.778149
0.778197
0.778244
0.778297
0.778354
0.778416
0.778481
0.778549
0.778623
0.778701
0.778777
0.778863
0.778950
0.779041
0.779134
0.779231
0.779337
0.779444
0.779549
0.779664
0.779778
0.779900
0.780021
0.780151
0.780280
0.780413
0.780550
0.780691
0.780834
0.780981
0.781135
0.781288
0.781445
0.781605
0.781770
0.781939
0.782107
0.782282
0.782458
0.782637
0.782823
0.783006
0.783199
0.783392
0.783587
0.783789
0.783991
0.784196
0.784403
0.784620
0.784835
0.785053
0.785272
0.785501
0.785726
0.785960
0.786191
0.786424
0.786666
0.786910
0.787153
0.787408
0.787656
0.787913
0.788164
0.788421
0.788685
0.788957
0.789217
0.789491
0.789763
0.790041
0.790325
0.790605
0.790890
0.791184
0.791473
0.791766
0.792058
0.792355
0.792659
0.792966
0.793273
0.793577
0.793891
0.794211
0.794524
0.794844
0.795164
0.795493
0.795819
0.796151
0.796486
0.796825
0.797161
0.797500
0.797846
0.798191
0.798540
0.798892
0.799250
0.799605
0.799962
0.800317
0.800680
0.801044
0.801416
0.801789
0.802156
0.802539
0.802913
0.803297
0.803681
0.804065
0.804454
0.804842
0.805230
0.805633
0.806024
0.806425
0.806832
0.807232
0.807636
0.808043
0.808456
0.808871
0.809288
0.809706
0.810122
0.810546
0.810973
0.811401
0.811831
0.812261
0.812694
0.813130
0.813570
0.814009
0.814452
0.814898
0.815342
0.815792
0.816247
0.816695
0.817153
0.817610
0.818068
0.818531
0.818993
0.819464
0.819931
0.820397
0.820875
0.821347
0.821823
0.822302
0.822786
0.823270
0.823756
0.824238
0.824728
0.825219
0.825718
0.826209
0.826708
0.827207
0.827705
0.828209
0.828716
0.829220
0.829732
0.830245
0.830754
0.831268
0.831787
0.832304
0.832824
0.833347
0.833872
0.834400
0.834925
0.835454
0.835988
0.836520
0.837058
0.837592
0.838137
0.838681
0.839214
0.839765
0.840313
0.840858
0.841410
0.841961
0.842510
0.843070
0.843624
0.844185
0.844747
0.845309
0.845868
0.846436
0.847006
0.847569
0.848144
0.848712
0.849286
0.849862
0.850441
0.851021
0.851605
0.852181
0.852764
0.853343
0.853935
0.854524
0.855113
0.855706
0.856297
0.856891
0.857491
0.858086
0.858678
0.859281
0.859883
0.860487
0.861093
0.861699
0.862305
0.862912
0.863515
0.864133
0.864736
0.865353
0.865973
0.866589
0.867209
0.867824
0.868447
0.869068
0.869696
0.870325
0.870950
0.871572
0.872208
0.872831
0.873464
0.874095
0.874732
0.875362
0.876005
0.876638
0.877277
0.877919
0.878556
0.879201
0.879846
0.880488
0.881138
0.881786
0.882433
0.883077
0.883733
0.884384
0.885036
0.885693
0.886347
0.887002
0.887658
0.888323
0.888979
0.889644
0.890302
0.890964
0.891626
0.892296
0.892964
0.893631
0.894300
0.894973
0.895649
0.896318
0.896990
0.897664
0.898342
0.899015
0.899695
0.900373
0.901056
0.901739
0.902421
0.903106
0.903786
0.904477
0.905163
0.905847
0.906541
0.907228
0.907922
0.908612
0.909305
0.909998
0.910690
0.911392
0.912098
0.912786
0.913490
0.914190
0.914900
0.915600
0.916309
0.917011
0.917717
0.918423
0.919135
0.919845
0.920559
0.921268
0.921982
0.922699
0.923414
0.924131
0.924850
0.925566
0.926285
0.927012
0.927731
0.928456
0.929183
0.929905
0.930634
0.931361
0.932092
0.932825
0.933557
0.934288
0.935021
0.935755
0.936493
0.937231
0.937964
0.938711
0.939450
0.940193
0.940932
0.941676
0.942422
0.943169
0.943912
0.944667
0.945417
0.946166
0.946919
0.947670
0.948423
0.949176
0.949934
0.950694
0.951452
0.952210
0.952977
0.953734
0.954498
0.955266
0.956030
0.956795
0.957561
0.958333
0.959101
0.959879
0.960647
0.961420
0.962196
0.962970
0.963749
0.964527
0.965304
0.966082
0.966861
0.967642
0.968428
0.969212
0.970001
0.970783
0.971567
0.972359
0.973152
0.973941
0.974730
0.975525
0.976316
0.977106
0.977908
0.978699
0.979496
0.980295
0.981098
0.981898
0.982701
0.983499
0.984303
0.985110
0.985913
0.986721
0.987532
0.988338
0.989145
0.989956
0.990762
0.991579
0.992391
0.993201
0.994022
0.994832
0.995650
0.996468
0.997287
0.998104
0.998926
0.999748
1.000566
1.001391
1.002214
1.003041
1.003864
1.004693
1.005518
1.006349
1.007175
1.008005
1.008832
1.009664
1.010498
1.011330
1.012165
1.012999
1.013833
1.014671
1.015503
1.016342
1.017180
1.018013
1.018857
1.019695
1.020537
1.021380
1.022225
1.023063
1.023907
1.024754
1.025598
1.026450
1.027292
1.028142
1.028989
1.029836
1.030686
1.031534
1.032386
1.033238
1.034089
1.034943
1.035796
1.036652
1.037503
1.038357
1.039222
1.040073
1.040932
1.041787
1.042649
1.043503
1.044362
1.045223
1.046085
1.046945
1.047803
1.048669
1.049532
1.050400
1.051260
1.052127
1.052992
1.053854
1.054725
1.055590
1.056458
1.057326
1.058203
1.059070
1.059938
1.060803
1.061679
1.062547
1.063420
1.064292
1.065167
1.066035
1.066913
1.067791
1.068660
1.069534
1.070412
1.071289
1.072170
1.073045
1.073928
1.074803
1.075685
1.076563
1.077440
1.078324
1.079206
1.080085
1.080970
1.081856
1.082740
1.083617
1.084501
1.085388
1.086275
1.087157
1.088040
1.088930
1.089817
1.090704
1.091592
1.092482
1.093368
1.094272
1.095145
1.096046
1.096932
1.097823
1.098718
1.099608
1.100500
1.101404
1.102292
1.103187
1.104079
1.104968
1.105860
1.106764
1.107650
1.108557
1.109448
1.110340
1.111243
1.112149
1.113044
1.113951
1.114845
1.115741
1.116647
1.117546
1.118448
1.119356
1.120249
1.121158
1.122064
1.122972
1.123869
1.124773
1.125674
1.126587
1.127488
1.128399
1.129303
1.130209
1.131112
1.132019
1.132930
1.133844
1.134755
1.135664
1.136568
1.137477
1.138393
1.139308
1.140218
1.141135
1.142041
1.142948
1.143866
1.144780
1.145690
1.146613
1.147527
1.148443
1.149353
1.150264
1.151189
1.152103
1.153020
1.153938
1.154855
1.155771
1.156694
1.157610
1.158536
1.159450
1.160376
1.161301
1.162215
1.163138
1.164057
1.164970
1.165904
1.166830
1.167752
1.168680
1.169607
1.170527
1.171460
1.172373
1.173313
1.174230
1.175156
1.176081
1.177006
1.177933
1.178861
1.179799
1.180724
1.181655
1.182590
1.183506
1.184447
1.185385
1.186315
1.187242
1.188178
1.189111
1.190050
1.190974
1.191911
1.192851
1.193791
1.194721
1.195655
1.196601
1.197535
1.198473
1.199409
1.200360
1.201293
1.202234
1.203177
1.204119
1.205056
1.206000
1.206929
1.207885
1.208819
1.209772
1.210713
1.211663
1.212603
1.213556
1.214503
1.215445
1.216401
1.217343
1.218294
1.219246
1.220195
1.221150
1.222094
1.223044
1.223997
1.224955
1.225905
1.226856
1.227808
1.228759
1.229716
1.230680
1.231632
1.232595
1.233556
1.234508
1.235466
1.236428
1.237386
1.238342
1.239309
1.240269
1.241224
1.242190
1.243154
1.244116
1.245084
1.246048
1.247016
1.247984
1.248951
1.249919
1.250882
1.251861
1.252825
1.253790
1.254769
1.255738
1.256717
1.257678
1.258666
1.259636
1.260606
1.261578
1.262560
1.263545
1.264521
1.265501
1.266477
1.267458
1.268429
1.269408
1.270400
1.271377
1.272367
1.273357
1.274332
1.275329
1.276312
1.277300
1.278293
1.279278
1.280266
1.281259
1.282254
1.283240
1.284243
1.285226
1.286223
1.287214
1.288216
1.289206
1.290206
1.291200
1.292205
1.293203
1.294207
1.295207
1.296211
1.297216
1.298227
1.299218
1.300223
1.301234
1.302240
1.303244
1.304264
1.305268
1.306278
1.307292
1.308298
1.309314
1.310336
1.311346
1.312360
1.313376
1.314392
1.315414
1.316433
1.317452
1.318468
1.319490
1.320511
1.321547
1.322568
1.323595
1.324615
1.325642
1.326664
1.327697
1.328732
1.329759
1.330793
1.331828
1.332859
1.333893
1.334926
1.335963
1.337002
1.338032
1.339071
1.340110
1.341154
1.342186
1.343240
1.344272
1.345318
1.346364
1.347409
1.348452
1.349502
1.350553
1.351596
1.352653
1.353701
1.354751
1.355806
1.356863
1.357914
1.358966
1.360027
1.361086
1.362144
1.363207
1.364267
1.365322
1.366385
1.367453
1.368516
1.369588
1.370643
1.371705
1.372790
1.373841
1.374915
1.375985
1.377060
1.378126
1.379207
1.380277
1.381348
1.382435
1.383511
1.384588
1.385660
1.386750
1.387829
1.388905
1.389997
1.391082
1.392169
1.393257
1.394341
1.395428
1.396513
1.397599
1.398697
1.399792
1.400886
1.401984
1.403073
1.404168
1.405270
1.406374
1.407469
1.408577
1.409671
1.410772
1.411878
1.412985
1.414090
1.415196
1.416300
1.417422
1.418530
1.419644
1.420758
1.421873
1.422991
1.424102
1.425222
1.426341
1.427463
1.428580
1.429699
1.430821
1.431954
1.433086
1.434208
1.435334
1.436470
1.437597
1.438728
1.439863
1.441001
1.442132
1.443280
1.444412
1.445549
1.446696
1.447837
1.448979
1.450129
1.451276
1.452419
1.453568
1.454724
1.455872
1.457031
1.458184
1.459338
1.460496
1.461652
1.462811
1.463976
1.465133
1.466303
1.467468
1.468629
1.469802
1.470979
1.472145
1.473318
1.474498
1.475670
1.476852
1.478025
1.479212
1.480390
1.481576
1.482762
1.483950
1.485133
1.486324
1.487520
1.488717
1.489911
1.491110
1.492316
1.493512
1.494717
1.495925
1.497118
1.498341
1.499548
1.500756
1.501970
1.503178
1.504405
1.505613
1.506834
1.508063
1.509291
1.510514
1.511751
1.512973
1.514195
1.515429
1.516671
1.517910
1.519147
1.520381
1.521628
1.522879
1.524130
1.525377
1.526618
1.527881
1.529138
1.530388
1.531649
1.532917
1.534176
1.535444
1.536716
1.537982
1.539248
1.540519
1.541799
1.543066
1.544353
1.545638
1.546922
1.548206
1.549489
1.550790
1.552082
1.553381
1.554671
1.555968
1.557275
1.558570
1.559889
1.561197
1.562498
1.563812
1.565123
1.566441
1.567756
1.569083
1.570412
1.571732
1.573064
1.574395
1.575725
1.577057
1.578401
1.579740
1.581075
1.582426
1.583766
1.585110
1.586465
1.587822
1.589185
1.590538
1.591897
1.593254
1.594625
1.596000
1.597351
1.598723
1.600103
1.601475
1.602855
1.604243
1.605626
1.607004
1.608399
1.609789
1.611181
1.612571
1.613977
1.615373
1.616782
1.618175
1.619587
1.620998
1.622403
1.623816
1.625234
1.626652
1.628075
1.629499
1.630924
1.632348
1.633767
1.635210
1.636644
1.638071
1.639509
1.640952
1.642392
1.643837
1.645293
1.646735
1.648186
1.649639
1.651096
1.652554
1.654011
1.655476
1.656947
1.658412
1.659882
1.661343
1.662829
1.664294
1.665769
1.667254
1.668736
1.670216
1.671703
1.673194
1.674686
1.676171
1.677669
1.679157
1.680662
1.682156
1.683663
1.685165
1.686669
1.688173
1.689687
1.691204
1.692718
1.694229
1.695750
1.697276
1.698786
1.700305
1.701835
1.703360
1.704885
1.706423
1.707947
1.709486
1.711023
1.712559
1.714099
1.715647
1.717188
1.718727
1.720273
1.721819
1.723365
1.724923
1.726472
1.728029
1.729590
1.731136
1.732701
1.734257
1.735824
1.737383
1.738951
1.740526
1.742082
1.743652
1.745221
1.746792
1.748371
1.749952
1.751529
1.753102
1.754670
1.756257
1.757836
1.759416
1.761008
1.762582
1.764174
1.765762
1.767352
1.768944
1.770527
1.772129
1.773723
1.775315
1.776910
1.778505
1.780103
1.781696
1.783304
1.784899
1.786495
1.788097
1.789702
1.791309
1.792911
1.794516
1.796118
1.797731
1.799328
1.800940
1.802553
1.804160
1.805768
1.807383
1.808993
1.810612
1.812220
1.813832
1.815448
1.817062
1.818672
1.820292
1.821903
1.823522
1.825146
1.826755
1.828381
1.829993
1.831619
1.833232
1.834853
1.836469
1.838091
1.839708
1.841332
1.842951
1.844570
1.846189
1.847811
1.849425
1.851055
1.852677
1.854295
1.855919
1.857538
1.859162
1.860779
1.862403
1.864026
1.865646
1.867263
1.868883
1.870495
1.872117
1.873740
1.875362
1.876987
1.878589
1.880214
1.881835
1.883454
1.885072
1.886687
1.888301
1.889922
1.891539
1.893154
1.894763
1.896388
1.897996
1.899611
1.901230
1.902844
1.904449
1.906058
1.907673
1.909279
1.910893
1.912501
1.914103
1.915723
1.917320
1.918935
1.920531
1.922140
1.923743
1.925336
1.926952
1.928550
1.930152
1.931745
1.933344
1.934938
1.936540
1.938124
1.939726
1.941327
1.942917
1.944503
1.946084
1.947691
1.949273
1.950856
1.952452
1.954028
1.955616
1.957203
1.958782
1.960361
1.961944
1.963522
1.965107
1.966678
1.968258
1.969827
1.971398
1.972964
1.974538
1.976109
1.977676
1.979243
1.980809
1.982374
1.983942
1.985491
1.987059
1.988608
1.990167
1.991733
1.993285
1.994832
1.996394
1.997944
1.999490
2.001031
2.002581
2.004126
2.005678
2.007212
2.008750
2.010298
2.011837
2.013368
2.014898
2.016436
2.017971
2.019503
2.021028
2.022563
2.024080
2.025605
2.027133
2.028656
2.030182
2.031706
2.033201
2.034719
2.036236
2.037758
2.039250
2.040762
2.042270
2.043779
2.045293
2.046798
2.048298
2.049822
2.051296
2.052795
2.054298
2.055774
2.057277
2.058774
2.060255
2.061755
2.063232
2.064722
2.066209
2.067694
2.069173
2.070643
2.072129
2.073599
2.075079
2.076549
2.078017
2.079493
2.080952
2.082419
2.083887
2.085352
2.086808
2.088273
2.089739
2.091196
2.092642
2.094101
2.095548
2.097011
2.098451
2.099898
2.101350
2.102794
2.104253
2.105700
2.107136
2.108579
2.110011
2.111441
2.112873
2.114309
2.115733
2.117162
2.118591
2.120023
2.121456
2.122871
2.124290
2.125707
2.127114
2.128548
2.129969
2.131391
2.132800
2.134209
2.135615
2.137026
2.138436
2.139853
2.141259
2.142657
2.144059
2.145453
2.146869
2.148265
2.149655
2.151056
2.152446
2.153842
2.155229
2.156617
2.158014
2.159394
2.160784
2.162164
2.163554
2.164926
2.166310
2.167684
2.169056
2.170436
2.171815
2.173193
2.174558
2.175929
2.177301
2.178677
2.180033
2.181411
2.182767
2.184138
2.185494
2.186858
2.188200
2.189563
2.190923
2.192275
2.193629
2.194978
2.196329
2.197686
2.199033
2.200381
2.201715
2.203066
2.204413
2.205760
2.207097
2.208453
2.209794
2.211121
2.212460
2.213796
2.215137
2.216479
2.217799
2.219136
2.220472
2.221796
2.223122
2.224445
2.225771
2.227096
2.228420
2.229750
2.231072
2.232383
2.233708
2.235014
2.236348
2.237662
2.238971
2.240300
2.241604
2.242923
2.244226
2.245529
2.246847
2.248158
2.249467
2.250772
2.252074
2.253383
2.254687
2.255988
2.257277
2.258589
2.259895
2.261192
2.262511
2.263784
2.265087
2.266392
2.267685
2.268960
2.270255
2.271554
2.272852
2.274139
2.275424
2.276715
2.277995
2.279294
2.280581
2.281868
2.283144
2.284432
2.285721
2.286995
2.288269
2.289567
2.290836
2.292108
2.293388
2.294657
2.295945
2.297216
2.298494
2.299766
2.301051
2.302315
2.303586
2.304868
2.306137
2.307410
2.308670
2.309950
2.311217
2.312485
2.313754
2.315008
2.316283
2.317538
2.318810
2.320075
2.321333
2.322589
2.323865
2.325124
2.326378
2.327631
2.328888
2.330161
2.331404
2.332682
2.333919
2.335197
2.336438
2.337688
2.338951
2.340210
2.341455
2.342702
2.343958
2.345210
2.346460
2.347717
2.348974
2.350210
2.351472
2.352713
2.353954
2.355205
2.356457
2.357711
2.358960
2.360175
2.361431
2.362676
2.363927
2.365168
2.366408
2.367651
2.368887
2.370136
2.371373
2.372604
2.373844
2.375091
2.376318
2.377571
2.378808
2.380050
2.381272
2.382513
2.383759
2.385000
2.386219
2.387465
2.388680
2.389920
2.391164
2.392395
2.393629
2.394847
2.396078
2.397311
2.398529
2.399767
2.400987
2.402234
2.403452
2.404686
2.405911
2.407131
2.408361
2.409592
2.410812
2.412034
2.413260
2.414483
2.415708
2.416941
2.418163
2.419397
2.420588
2.421818
2.423049
2.424268
2.425489
2.426717
2.427927
2.429146
2.430357
2.431570
2.432786
2.434008
2.435215
2.436440
2.437650
2.438872
2.440088
2.441294
2.442505
2.443724
2.444943
2.446155
2.447357
2.448583
2.449791
2.450994
2.452201
2.453411
2.454628
2.455829
2.457046
2.458253
2.459445
2.460671
2.461872
2.463086
2.464278
2.465478
2.466694
2.467896
2.469107
2.470308
2.471511
2.472694
2.473916
2.475121
2.476307
2.477522
2.478710
2.479922
2.481122
2.482321
2.483511
2.484707
2.485913
2.487118
2.488316
2.489508
2.490703
2.491907
2.493083
2.494286
2.495485
2.496663
2.497869
2.499064
2.500247
2.501461
2.502649
2.503837
2.505041
2.506215
2.507415
2.508602
2.509795
2.510966
2.512159
2.513348
2.514538
2.515730
2.516932
2.518104
2.519299
2.520483
2.521670
2.522849
2.524035
2.525212
2.526398
2.527595
2.528767
2.529948
2.531137
2.532331
2.533505
2.534685
2.535868
2.537060
2.538225
2.539425
2.540596
2.541781
2.542953
2.544141
2.545321
2.546495
2.547677
2.548846
2.550027
2.551197
2.552381
2.553569
2.554740
2.555924
2.557086
2.558269
2.559438
2.560621
2.561790
2.562974
2.564142
2.565313
2.566488
2.567661
2.568833
2.570014
2.571182
2.572351
2.573524
2.574681
2.575869
2.577037
2.578203
2.579386
2.580546
2.581719
2.582881
2.584066
2.585227
2.586400
2.587565
2.588733
2.589891
2.591074
2.592256
2.593413
2.594579
2.595734
2.596910
2.598072
2.599251
2.600409
2.601557
2.602750
2.603894
2.605075
2.606234
2.607397
2.608557
2.609732
2.610900
2.612051
2.613219
2.614386
2.615541
2.616709
2.617880
2.619035
2.620193
2.621358
2.622524
2.623670
2.624844
2.626009
2.627160
2.628329
2.629486
2.630644
2.631803
2.632969
2.634125
2.635281
2.636444
2.637604
2.638756
2.639907
2.641076
2.642236
2.643399
2.644552
2.645709
2.646870
2.648034
2.649185
2.650337
2.651495
2.652658
2.653804
2.654973
2.656128
2.657279
2.658428
2.659594
2.660741
2.661894
2.663052
2.664211
2.665357
2.666515
2.667672
2.668831
2.669965
2.671118
2.672273
2.673435
2.674586
2.675738
2.676889
2.678052
2.679202
2.680356
2.681498
2.682654
2.683800
2.684953
2.686108
2.687255
2.688411
2.689553
2.690705
2.691864
2.693010
2.694163
2.695305
2.696463
2.697606
2.698745
2.699888
2.701049
2.702196
2.703339
2.704498
2.705637
2.706789
2.707935
2.709095
2.710229
2.711370
2.712521
2.713661
2.714819
2.715980
2.717113
2.718256
2.719404
2.720547
2.721682
2.722829
2.723973
2.725120
2.726261
2.727404
2.728551
2.729710
2.730834
2.731977
2.733125
2.734260
2.735404
2.736549
2.737684
2.738829
2.739965
2.741110
2.742254
2.743404
2.744541
2.745667
2.746824
2.747952
2.749098
2.750238
2.751379
2.752514
2.753654
2.754794
2.755920
2.757069
2.758208
2.759345
2.760468
2.761612
2.762758
2.763894
2.765034
2.766160
2.767300
2.768433
2.769568
2.770701
2.771838
2.772974
2.774101
2.775242
2.776371
2.777517
2.778642
2.779789
2.780909
2.782038
2.783177
2.784308
2.785451
2.786579
2.787709
2.788841
2.789970
2.791099
2.792232
2.793371
2.794489
2.795622
2.796761
2.797884
2.799021
2.800143
2.801268
2.802397
2.803529
2.804653
2.805786
2.806911
2.808045
2.809168
2.810299
2.811416
2.812552
2.813679
2.814800
2.815927
2.817049
2.818172
2.819303
2.820439
2.821555
2.822679
2.823801
2.824922
2.826058
2.827177
2.828301
2.829412
2.830537
2.831666
2.832795
2.833915
2.835033
2.836160
2.837275
2.838402
2.839518
2.840634
2.841761
2.842888
2.844012
2.845121
2.846251
2.847371
2.848484
2.849601
2.850726
2.851844
2.852961
2.854084
2.855208
2.856336
2.857431
2.858554
2.859666
2.860782
2.861904
2.863015
2.864131
2.865246
2.866364
2.867487
2.868600
2.869708
2.870829
2.871948
2.873061
2.874176
2.875289
2.876410
2.877516
2.878630
2.879743
2.880860
2.881974
2.883075
2.884199
2.885307
2.886422
2.887539
2.888651
2.889762
2.890876
2.891988
2.893096
2.894196
2.895321
2.896435
2.897552
2.898653
2.899765
2.900882
2.901989
2.903097
2.904205
2.905320
2.906421
2.907533
2.908645
2.909748
2.910867
2.911980
2.913089
2.914183
2.915293
2.916403
2.917507
2.918606
2.919726
2.920837
2.921946
2.923060
2.924158
2.925265
2.926382
2.927480
2.928588
2.929707
2.930805
2.931907
2.933012
2.934119
2.935233
2.936332
2.937438
2.938546
2.939660
2.940770
2.941875
2.942987
2.944086
2.945183
2.946295
2.947404
2.948512
2.949602
2.950704
2.951811
2.952917
2.954021
2.955138
2.956236
2.957339
2.958452
2.959545
2.960665
2.961765
2.962869
2.963977
2.965070
2.966190
2.967293
2.968382
2.969493
2.970598
2.971699
2.972806
2.973908
2.975012
2.976115
2.977219
2.978327
2.979434
2.980544
2.981641
2.982750
2.983855
2.984960
2.986057
2.987157
2.988259
2.989364
2.990479
2.991579
2.992680
2.993785
2.994886
2.995996
2.997101
2.998199
2.999310
3.000415
3.001513
3.002614
3.003723
3.004833
3.005931
3.007037
3.008139
3.009232
3.010350
3.011446
3.012563
3.013665
3.014762
3.015871
3.016969
3.018075
3.019176
3.020290
3.021390
3.022502
3.023609
3.024705
3.025818
3.026928
3.028027
3.029125
3.030231
3.031342
3.032435
3.033555
3.034654
3.035756
3.036861
3.037965
3.039076
3.040186
3.041287
3.042388
3.043496
3.044600
3.045718
3.046817
3.047925
3.049022
3.050138
3.051238
3.052348
3.053445
3.054556
3.055666
3.056775
3.057883
3.058985
3.060089
3.061205
3.062310
3.063412
3.064520
3.065628
3.066739
3.067835
3.068953
3.070061
3.071171
3.072281
3.073384
3.074492
3.075609
3.076712
3.077819
3.078922
3.080026
3.081134
3.082255
3.083365
3.084468
3.085575
3.086685
3.087793
3.088892
3.090012
3.091120
3.092233
3.093341
3.094457
3.095563
3.096672
3.097776
3.098889
3.100008
3.101112
3.102223
3.103325
3.104440
3.105541
3.106656
3.107771
3.108884
3.109988
3.111091
3.112211
3.113312
3.114428
3.115541
3.116645
3.117755
3.118870
3.119979
3.121095
3.122209
3.123312
3.124425
3.125535
3.126645
3.127761
3.128870
3.129981
3.131094
3.132192
3.133302
3.134423
3.135535
3.136650
3.137757
3.138860
3.139974
3.141094
3.142194
3.143321
3.144433
3.145541
3.146653
3.147767
3.148875
3.149984
3.151097
3.152207
3.153323
3.154431
3.155539
3.156654
3.157761
3.158874
3.159984
3.161097
3.162212
3.163322
3.164438
3.165549
3.166656
3.167775
3.168876
3.169995
3.171097
3.172216
3.173315
3.174430
3.175544
3.176651
3.177763
3.178875
3.179979
3.181086
3.182199
3.183309
3.184413
3.185533
3.186640
3.187757
3.188861
3.189969
3.191082
3.192190
3.193301
3.194415
3.195518
3.196622
3.197730
3.198839
3.199950
3.201054
3.202160
3.203267
3.204378
3.205480
3.206597
3.207705
3.208806
3.209916
3.211013
3.212123
3.213232
3.214336
3.215435
3.216544
3.217651
3.218751
3.219862
3.220955
3.222062
3.223164
3.224265
3.225369
3.226475
3.227572
3.228672
3.229785
3.230876
3.231983
3.233069
3.234174
3.235272
3.236378
3.237469
3.238571
3.239663
3.240753
3.241855
3.242946
3.244038
3.245135
3.246238
3.247325
3.248421
3.249508
3.250602
3.251683
3.252783
3.253877
3.254954
3.256040
3.257139
3.258224
3.259306
3.260388
3.261474
3.262552
3.263648
3.264729
3.265812
3.266895
3.267961
3.269047
3.270126
3.271200
3.272277
3.273351
3.274428
3.275497
3.276573
3.277639
3.278715
3.279781
3.280857
3.281922
3.282983
3.284047
3.285108
3.286168
3.287224
3.288288
3.289342
3.290403
3.291451
3.292502
3.293555
3.294608
3.295654
3.296703
3.297747
3.298785
3.299830
3.300876
3.301915
3.302951
3.303977
3.305015
3.306041
3.307080
3.308097
3.309132
3.310142
3.311164
3.312186
3.313202
3.314215
3.315227
3.316230
3.317240
3.318242
3.319249
3.320242
3.321240
3.322237
3.323225
3.324214
3.325198
3.326181
3.327155
3.328132
3.329103
3.330079
3.331036
3.332001
3.332950
3.333908
3.334871
3.335810
3.336752
3.337703
3.338637
3.339576
3.340489
3.341423
3.342340
3.343248
3.344164
3.345078
3.345967
3.346873
3.347769
3.348660
3.349538
3.350416
3.351288
3.352156
3.353015
3.353869
3.354726
3.355568
3.356404
3.357241
3.358072
3.358889
3.359703
3.360520
3.361317
3.362112
3.362906
3.363689
3.364467
3.365225
3.365993
3.366744
3.367497
3.368231
3.368971
3.369687
3.370403
3.371101
3.371800
3.372500
3.373180
3.373848
3.374518
3.375173
3.375806
3.376445
3.377079
3.377694
3.378303
3.378894
3.379471
3.380049
3.380614
3.381168
3.381714
3.382242
3.382758
3.383267
3.383764
3.384258
3.384730
3.385194
3.385638
3.386073
3.386490
3.386902
3.387298
3.387677
3.388048
3.388398
3.388736
3.389061
3.389375
3.389670
3.389947
3.390212
3.390463
3.390694
3.390916
3.391112
3.391300
3.391469
3.391608
3.391749
3.391857
3.391959
3.392044
3.392102
3.392151
3.392175
3.392177
3.392154
3.392119
3.392062
3.391995
3.391900
3.391778
3.391649
3.391480
3.391310
3.391100
3.390883
3.390630
3.390365
3.390068
3.389760
3.389413
3.389053
3.388665
3.388250
3.387824
3.387364
3.386872
3.386359
3.385815
3.385257
3.384661
3.384040
3.383394
3.382719
3.382019
3.381291
3.380529
3.379746
3.378926
3.378081
3.377213
3.376293
3.375362
3.374399
3.373402
3.372370
3.371308
3.370212
3.369088
3.367931
3.366741
3.365513
3.364261
3.362973
3.361636
3.360280
3.358886
3.357454
3.355994
3.354494
3.352957
3.351377
3.349768
3.348123
3.346438
3.344712
3.342949
3.341149
3.339313
3.337441
3.335524
3.333570
3.331572
3.329543
3.327461
3.325343
3.323192
3.321004
3.318763
3.316474
3.314155
3.311789
3.309384
3.306938
3.304447
3.301905
3.299322
3.296703
3.294036
3.291318
3.288563
3.285762
3.282917
3.280027
3.277090
3.274110
3.271081
3.268015
3.264897
3.261724
3.258516
3.255255
3.251951
3.248598
3.245204
3.241753
3.238264
3.234715
3.231124
3.227491
3.223806
3.220070
3.216290
3.212464
3.208579
3.204664
3.200688
3.196654
3.192585
3.188467
3.184292
3.180071
3.175805
3.171489
3.167124
3.162702
3.158244
3.153731
3.149170
3.144562
3.139902
3.135191
3.130436
3.125636
3.120779
3.115879
3.110925
3.105923
3.100878
3.095787
3.090645
3.085448
3.080208
3.074919
3.069591
3.064205
3.058779
3.053303
3.047778
3.042217
3.036599
3.030930
3.025230
3.019477
3.013684
3.007833
3.001950
2.996018
2.990043
2.984020
2.977959
2.971851
2.965703
2.959516
2.953282
2.946999
2.940677
2.934325
2.927928
2.921488
2.915012
2.908492
2.901934
2.895339
2.888702
2.882026
2.875324
2.868582
2.861799
2.854974
2.848125
2.841242
2.834312
2.827364
2.820373
2.813353
2.806304
2.799218
2.792106
2.784962
2.777782
2.770587
2.763353
2.756093
2.748803
2.741494
2.734154
2.726791
2.719402
2.711987
2.704552
2.697095
2.689620
2.682115
2.674588
2.667049
2.659490
2.651910
2.644309
2.636693
2.629063
2.621414
2.613756
2.606076
2.598387
2.590683
2.582972
2.575245
2.567513
2.559772
2.552012
2.544251
2.536474
2.528702
2.520918
2.513130
2.505336
2.497543
2.489742
2.481939
2.474140
2.466331
2.458530
2.450724
2.442927
2.435127
2.427331
2.419537
2.411753
2.403969
2.396197
2.388426
2.380668
2.372914
2.365165
2.357438
2.349714
2.342000
2.334301
2.326614
2.318940
2.311284
2.303643
2.296010
2.288399
2.280803
2.273225
2.265666
2.258128
2.250605
2.243105
2.235627
2.228167
2.220733
2.213322
2.205928
2.198564
2.191226
2.183908
2.176616
2.169355
2.162114
2.154909
2.147728
2.140574
2.133450
2.126359
2.119292
2.112260
2.105258
2.098289
2.091351
2.084445
2.077574
2.070733
2.063924
2.057153
2.050416
2.043717
2.037047
2.030418
2.023820
2.017262
2.010741
2.004259
1.997809
1.991404
1.985031
1.978694
1.972405
1.966148
1.959931
1.953753
1.947610
1.941513
1.935456
1.929436
1.923457
1.917518
1.911620
1.905761
1.899944
1.894165
1.888431
1.882736
1.877080
1.871468
1.865901
1.860367
1.854878
1.849429
1.844024
1.838657
1.833333
1.828043
1.822804
1.817600
1.812441
1.807321
1.802240
1.797200
1.792203
1.787248
1.782327
1.777452
1.772612
1.767814
1.763058
1.758340
1.753656
1.749020
1.744420
1.739854
1.735332
1.730845
1.726399
1.721990
1.717618
1.713286
1.708987
1.704723
1.700503
1.696310
1.692162
1.688049
1.683971
1.679922
1.675912
1.671937
1.667995
1.664089
1.660218
1.656374
1.652568
1.648793
1.645049
1.641340
1.637663
1.634013
1.630399
1.626813
1.623261
1.619731
1.616238
1.612767
1.609330
1.605925
1.602541
1.599187
1.595862
1.592567
1.589296
1.586050
1.582829
1.579636
1.576467
1.573322
1.570207
1.567114
1.564046
1.560995
1.557969
1.554971
1.551999
1.549042
1.546109
1.543194
1.540303
1.537439
1.534588
1.531759
1.528950
1.526163
1.523390
1.520641
1.517908
1.515197
1.512498
1.509823
1.507164
1.504522
1.501900
1.499288
1.496698
1.494123
1.491564
1.489020
1.486489
1.483975
1.481476
1.478998
1.476525
1.474071
1.471630
1.469203
1.466790
1.464390
1.462006
1.459631
1.457268
1.454921
1.452583
1.450259
1.447950
1.445649
1.443362
1.441085
1.438820
1.436567
1.434322
1.432095
1.429874
1.427661
1.425467
1.423277
1.421101
1.418929
1.416770
1.414622
1.412484
1.410354
1.408235
1.406127
1.404027
1.401935
1.399857
1.397785
1.395724
1.393669
1.391621
1.389587
1.387562
1.385547
1.383535
1.381536
1.379543
1.377562
1.375585
1.373622
1.371666
1.369717
1.367774
1.365843
1.363921
1.362006
1.360098
1.358199
1.356308
1.354429
1.352555
1.350687
1.348832
1.346983
1.345141
1.343305
1.341481
1.339663
1.337859
1.336056
1.334263
1.332479
1.330700
1.328931
1.327169
1.325418
1.323673
1.321940
1.320207
1.318487
1.316775
1.315076
1.313372
1.311685
1.310000
1.308331
1.306664
1.305007
1.303360
1.301719
1.300084
1.298461
1.296844
1.295231
1.293626
1.292035
1.290446
1.288867
1.287298
1.285735
1.284178
1.282630
1.281091
1.279560
1.278033
1.276519
1.275010
1.273508
1.272015
1.270528
1.269051
1.267582
1.266121
1.264666
1.263217
1.261773
1.260340
1.258919
1.257502
1.256096
1.254693
1.253292
1.251908
1.250528
1.249156
1.247788
1.246435
1.245082
1.243740
1.242402
1.241071
1.239754
1.238438
1.237126
1.235831
1.234537
1.233253
1.231975
1.230701
1.229435
1.228182
1.226935
1.225690
1.224455
1.223223
1.222002
1.220788
1.219581
1.218374
1.217183
1.215993
1.214810
1.213639
1.212471
1.211310
1.210159
1.209009
1.207872
1.206733
1.205605
1.204487
1.203373
1.202268
1.201165
1.200068
1.198981
1.197902
1.196825
1.195758
1.194693
1.193639
1.192588
1.191548
1.190513
1.189478
1.188457
1.187439
1.186430
1.185425
1.184425
1.183435
1.182448
1.181467
1.180497
1.179531
1.178570
1.177613
1.176663
1.175720
1.174780
1.173853
1.172929
1.172012
1.171095
1.170194
1.169293
1.168400
1.167508
1.166631
1.165753
1.164882
1.164017
1.163165
1.162302
1.161459
1.160618
1.159783
1.158955
1.158128
1.157315
1.156500
1.155690
1.154890
1.154096
1.153307
1.152519
1.151738
1.150966
1.150198
1.149439
1.148683
1.147932
1.147183
1.146439
1.145710
1.144976
1.144252
1.143533
1.142814
1.142107
1.141401
1.140704
1.140007
1.139320
1.138636
1.137951
1.137278
1.136609
1.135942
1.135284
1.134625
1.133975
1.133328
1.132688
1.132046
1.131414
1.130785
1.130162
1.129539
1.128925
1.128315
1.127705
1.127102
1.126500
1.125908
1.125313
1.124724
1.124142
1.123562
1.122985
1.122416
1.121849
1.121282
1.120720
1.120163
1.119610
1.119057
1.118507
1.117965
1.117424
1.116883
1.116350
1.115821
1.115291
1.114766
1.114242
1.113720
1.113203
1.112692
1.112181
1.111674
1.111170
1.110667
1.110169
1.109672
1.109172
1.108685
1.108194
1.107704
1.107220
1.106742
1.106261
1.105781
1.105305
1.104834
1.104361
1.103897
1.103426
1.102962
1.102501
1.102043
1.101584
1.101131
1.100677
1.100231
1.099776
1.099330
1.098888
1.098446
1.098003
1.097567
1.097128
1.096695
1.096262
1.095831
1.095404
1.094976
1.094553
1.094131
1.093711
1.093292
1.092875
1.092464
1.092050
1.091645
1.091231
1.090829
1.090424
1.090021
1.089624
1.089230
1.088837
1.088444
1.088057
1.087670
1.087284
1.086902
1.086521
1.086147
1.085770
1.085396
1.085028
1.084659
1.084297
1.083937
1.083578
1.083223
1.082863
1.082517
1.082166
1.081824
1.081477
1.081144
1.080808
1.080476
1.080141
1.079820
1.079496
1.079176
1.078863
1.078548
1.078234
1.077929
1.077628
1.077331
1.077031
1.076737
1.076455
1.076167
1.075886
1.075613
1.075341
1.075069
1.074801
1.074539
1.074283
1.074028
1.073780
1.073532
1.073296
1.073058
1.072827
1.072596
1.072375
1.072154
1.071937
1.071729
1.071521
1.071321
1.071120
1.070926
1.070742
1.070554
1.070377
1.070198
1.070032
1.069863
1.069704
1.069546
1.069393
1.069243
1.069100
1.068964
1.068830
1.068705
1.068577
1.068461
1.068346
1.068238
1.068133
1.068032
1.067936
1.067842
1.067759
1.067677
1.067602
1.067531
1.067467
1.067402
1.067345
1.067293
1.067242
1.067197
1.067158
1.067123
1.067090
1.067063
1.067044
1.067027
1.067014
1.067002
1.067000
1.067003
1.067011
1.067015
1.067028
1.067045
1.067065
1.067089
1.067123
1.067155
1.067186
1.067229
1.067273
1.067322
1.067372
1.067431
1.067489
1.067553
1.067617
1.067684
1.067760
1.067832
1.067910
1.067993
1.068076
1.068170
1.068267
1.068360
1.068454
1.068559
1.068663
1.068770
1.068881
1.068989
1.069104
1.069220
1.069337
1.069460
1.069580
1.069713
1.069836
1.069966
1.070097
1.070238
1.070372
1.070512
1.070648
1.070790
1.070936
1.071084
1.071229
1.071377
1.071521
1.071674
1.071827
1.071983
1.072135
1.072283
1.072444
1.072605
1.072764
1.072923
1.073081
1.073246
1.073399
1.073567
1.073733
1.073896
1.074056
1.074224
1.074392
1.074558
1.074723
1.074886
1.075056
1.075219
1.075390
1.075554
1.075720
1.075897
1.076063
1.076226
1.076394
1.076564
1.076733
1.076901
1.077066
1.077233
1.077402
1.077569
1.077737
1.077900
1.078068
1.078225
1.078390
1.078562
1.078726
1.078889
1.079052
1.079217
1.079383
1.079543
1.079708
1.079870
1.080029
1.080189
1.080355
1.080513
1.080670
1.080832
1.080994
1.081151
1.081304
1.081467
1.081625
1.081783
1.081936
1.082091
1.082248
1.082407
1.082564
1.082719
1.082874
1.083032
1.083184
1.083342
1.083496
1.083644
1.083797
1.083953
1.084106
1.084264
1.084422
1.084579
1.084728
1.084876
1.085039
1.085192
1.085346
1.085506
1.085666
1.085812
1.085974
1.086126
1.086283
1.086445
1.086605
1.086764
1.086926
1.087083
1.087244
1.087403
1.087570
1.087736
1.087893
1.088065
1.088230
1.088398
1.088563
1.088738
1.088904
1.089071
1.089251
1.089420
1.089597
1.089778
1.089957
1.090139
1.090317
1.090499
1.090683
1.090874
1.091067
1.091254
1.091444
1.091638
1.091835
1.092033
1.092230
1.092434
1.092639
1.092843
1.093053
1.093263
1.093477
1.093693
1.093912
1.094123
1.094349
1.094576
1.094803
1.095033
1.095268
1.095504
1.095741
1.095980
1.096223
1.096473
1.096719
1.096972
1.097228
1.097479
1.097747
1.098008
1.098278
1.098551
1.098822
1.099098
1.099376
1.099656
1.099936
1.100227
1.100519
1.100820
1.101116
1.101421
1.101724
1.102028
1.102333
1.102656
1.102977
1.103300
1.103613
1.103946
1.104278
1.104616
1.104950
1.105295
1.105641
1.105993
1.106343
1.106696
1.107053
1.107419
1.107783
1.108155
1.108530
1.108906
1.109283
1.109667
1.110055
1.110442
1.110836
1.111235
1.111638
1.112039
1.112446
1.112859
1.113269
1.113692
1.114107
1.114534
1.114958
1.115396
1.115824
1.116260
1.116704
1.117149
1.117592
1.118045
1.118502
1.118958
1.119409
1.119874
1.120343
1.120810
1.121277
1.121756
1.122232
1.122719
1.123204
1.123686
1.124177
1.124670
1.125162
1.125662
1.126161
1.126669
1.127170
1.127681
1.128191
1.128707
1.129219
1.129736
1.130262
1.130785
1.131306
1.131838
1.132372
1.132904
1.133436
1.133973
1.134513
1.135059
1.135595
1.136143
1.136696
1.137248
1.137800
1.138349
1.138901
1.139466
1.140024
1.140588
1.141144
1.141711
1.142280
1.142847
1.143416
1.143987
1.144562
1.145139
1.145710
1.146287
1.146863
1.147445
1.148027
1.148603
1.149183
1.149770
1.150356
1.150945
1.151528
1.152113
1.152709
1.153305
1.153886
1.154480
1.155077
1.155665
1.156258
1.156857
1.157459
1.158055
1.158653
1.159243
1.159845
1.160438
1.161041
1.161642
1.162238
1.162840
1.163444
1.164045
1.164642
1.165248
1.165840
1.166445
1.167046
1.167653
1.168255
1.168851
1.169460
1.170057
1.170661
1.171265
1.171870
1.172465
1.173076
1.173677
1.174282
1.174873
1.175477
1.176076
1.176685
1.177282
1.177877
1.178482
1.179082
1.179683
1.180273
1.180876
1.181475
1.182076
1.182665
1.183268
1.183861
1.184458
1.185055
1.185646
1.186247
1.186835
1.187431
1.188023
1.188609
1.189200
1.189794
1.190384
1.190967
1.191554
1.192143
1.192741
1.193322
1.193906
1.194492
1.195073
1.195653
1.196240
1.196826
1.197400
1.197981
1.198560
1.199144
1.199717
1.200295
1.200872
1.201444
1.202023
1.202590
1.203170
1.203747
1.204313
1.204883
1.205456
1.206020
1.206582
1.207163
1.207719
1.208291
1.208859
1.209421
1.209987
1.210547
1.211108
1.211675
1.212235
1.212794
1.213364
1.213911
1.214463
1.215027
1.215583
1.216145
1.216693
1.217251
1.217805
1.218360
1.218913
1.219462
1.220011
1.220560
1.221114
1.221664
1.222209
1.222762
1.223311
1.223858
1.224411
1.224955
1.225492
1.226046
1.226595
1.227139
1.227677
1.228233
1.228769
1.229316
1.229862
1.230398
1.230948
1.231493
1.232030
1.232578
1.233119
1.233665
1.234209
1.234745
1.235290
1.235837
1.236370
1.236917
1.237453
1.237995
1.238539
1.239084
1.239623
1.240168
1.240709
1.241259
1.241799
1.242345
1.242888
1.243430
1.243978
1.244519
1.245067
1.245614
1.246164
1.246705
1.247262
1.247800
1.248345
1.248896
1.249441
1.249998
1.250540
1.251098
1.251654
1.252197
1.252760
1.253308
1.253871
1.254425
1.254978
1.255536
1.256098
1.256662
1.257218
1.257777
1.258344
1.258905
1.259463
1.260041
1.260612
1.261171
1.261739
1.262317
1.262889
1.263466
1.264034
1.264620
1.265196
1.265768
1.266359
1.266936
1.267521
1.268102
1.268697
1.269279
1.269871
1.270459
1.271047
1.271645
1.272237
1.272830
1.273445
1.274042
1.274648
1.275246
1.275861
1.276465
1.277080
1.277690
1.278305
1.278921
1.279537
1.280166
1.280783
1.281407
1.282036
1.282658
1.283293
1.283925
1.284559
1.285204
1.285830
1.286481
1.287131
1.287766
1.288411
1.289057
1.289713
1.290361
1.291019
1.291685
1.292348
1.293004
1.293680
1.294338
1.295007
1.295688
1.296352
1.297034
1.297721
1.298389
1.299079
1.299769
1.300459
1.301151
1.301841
1.302542
1.303242
1.303948
1.304642
1.305356
1.306056
1.306775
1.307481
1.308205
1.308916
1.309644
1.310372
1.311085
1.311826
1.312550
1.313290
1.314022
1.314756
1.315499
1.316242
1.316986
1.317740
1.318492
1.319243
1.320005
1.320758
1.321524
1.322283
1.323045
1.323815
1.324579
1.325363
1.326133
1.326913
1.327692
1.328485
1.329263
1.330036
1.330835
1.331627
1.332423
1.333217
1.334018
1.334822
1.335617
1.336425
1.337235
1.338045
1.338858
1.339683
1.340493
1.341316
1.342133
1.342957
1.343774
1.344610
1.345439
1.346271
1.347110
1.347936
1.348780
1.349623
1.350465
1.351299
1.352152
1.353000
1.353860
1.354695
1.355567
1.356411
1.357279
1.358129
1.358998
1.359865
1.360737
1.361599
1.362465
1.363333
1.364214
1.365085
1.365966
1.366834
1.367722
1.368609
1.369493
1.370375
1.371270
1.372155
1.373040
1.373935
1.374833
1.375717
1.376610
1.377527
1.378422
1.379319
1.380224
1.381129
1.382037
1.382938
1.383850
1.384762
1.385671
1.386591
1.387496
1.388412
1.389327
1.390259
1.391172
1.392090
1.393008
1.393935
1.394863
1.395788
1.396711
1.397646
1.398563
1.399501
1.400436
1.401361
1.402303
1.403229
1.404166
1.405109
1.406045
1.406982
1.407915
1.408869
1.409804
1.410749
1.411695
1.412646
1.413585
1.414528
1.415475
1.416423
1.417383
1.418324
1.419284
1.420234
1.421189
1.422146
1.423099
1.424056
1.425003
1.425956
1.426916
1.427876
1.428845
1.429808
1.430769
1.431731
1.432700
1.433661
1.434624
1.435596
1.436556
1.437523
1.438492
1.439458
1.440418
1.441396
1.442365
1.443339
1.444306
1.445289
1.446262
1.447239
1.448212
1.449185
1.450163
1.451142
1.452118
1.453092
1.454073
1.455052
1.456039
1.457020
1.457996
1.458982
1.459971
1.460954
1.461928
1.462921
1.463907
1.464889
1.465883
1.466872
1.467862
1.468848
1.469852
1.470828
1.471830
1.472831
1.473816
1.474806
1.475809
1.476794
1.477798
1.478793
1.479801
1.480800
1.481790
1.482793
1.483799
1.484804
1.485797
1.486812
1.487819
1.488811
1.489824
1.490835
1.491843
1.492849
1.493859
1.494870
1.495883
1.496895
1.497910
1.498924
1.499938
1.500953
1.501973
1.502995
1.504018
1.505023
1.506058
1.507077
1.508097
1.509122
1.510146
1.511172
1.512204
1.513220
1.514251
1.515290
1.516312
1.517354
1.518377
1.519416
1.520447
1.521492
1.522533
1.523571
1.524605
1.525656
1.526695
1.527729
1.528780
1.529831
1.530884
1.531920
1.532971
1.534023
1.535072
1.536123
1.537185
1.538229
1.539305
1.540360
1.541415
1.542475
1.543538
1.544606
1.545676
1.546737
1.547804
1.548863
1.549936
1.551011
1.552085
1.553164
1.554238
1.555312
1.556401
1.557481
1.558561
1.559643
1.560733
1.561814
1.562897
1.563999
1.565086
1.566180
1.567267
1.568370
1.569453
1.570563
1.571660
1.572762
1.573866
1.574975
1.576080
1.577191
1.578302
1.579410
1.580522
1.581642
1.582752
1.583863
1.584988
1.586102
1.587238
1.588351
1.589476
1.590609
1.591739
1.592871
1.593997
1.595136
1.596274
1.597403
1.598538
1.599690
1.600821
1.601964
1.603115
1.604262
1.605410
1.606559
1.607715
1.608861
1.610023
1.611183
1.612337
1.613500
1.614666
1.615819
1.616987
1.618156
1.619323
1.620491
1.621668
1.622836
1.624019
1.625189
1.626374
1.627545
1.628734
1.629919
1.631098
1.632287
1.633481
1.634678
1.635861
1.637054
1.638240
1.639450
1.640640
1.641848
1.643052
1.644256
1.645460
1.646665
1.647877
1.649080
1.650300
1.651515
1.652719
1.653941
1.655158
1.656371
1.657600
1.658829
1.660057
1.661278
1.662509
1.663734
1.664969
1.666196
1.667429
1.668667
1.669907
1.671152
1.672388
1.673628
1.674869
1.676120
1.677360
1.678613
1.679865
1.681116
1.682366
1.683617
1.684878
1.686143
1.687393
1.688663
1.689924
1.691185
1.692440
1.693713
1.694976
1.696250
1.697521
1.698792
1.700069
1.701337
1.702614
1.703903
1.705175
1.706467
1.707746
1.709042
1.710309
1.711598
1.712889
1.714168
1.715471
1.716758
1.718059
1.719348
1.720656
1.721945
1.723238
1.724546
1.725852
1.727153
1.728455
1.729761
1.731076
1.732382
1.733685
1.734990
1.736302
1.737622
1.738938
1.740256
1.741575
1.742890
1.744210
1.745537
1.746858
1.748175
1.749505
1.750837
1.752168
1.753491
1.754823
1.756147
1.757483
1.758817
1.760153
1.761489
1.762825
1.764170
1.765509
1.766841
1.768188
1.769530
1.770870
1.772219
1.773562
1.774900
1.776258
1.777609
1.778954
1.780307
1.781651
1.783012
1.784360
1.785717
1.787073
1.788433
1.789787
1.791143
1.792506
1.793866
1.795228
1.796584
1.797957
1.799323
1.800682
1.802049
1.803420
1.804786
1.806147
1.807521
1.808884
1.810256
1.811623
1.812996
1.814374
1.815736
1.817117
1.818483
1.819857
1.821244
1.822613
1.823989
1.825365
1.826744
1.828127
1.829500
1.830877
1.832256
1.833640
1.835015
1.836397
1.837778
1.839162
1.840539
1.841927
1.843300
1.844693
1.846071
1.847461
1.848837
1.850228
1.851606
1.852991
1.854375
1.855758
1.857137
1.858528
1.859908
1.861295
1.862684
1.864070
1.865452
1.866839
1.868222
1.869606
1.870991
1.872372
1.873752
1.875140
1.876517
1.877909
1.879296
1.880673
1.882063
1.883440
1.884823
1.886211
1.887603
1.888976
1.890357
1.891736
1.893116
1.894490
1.895876
1.897257
1.898633
1.900019
1.901384
1.902768
1.904141
1.905528
1.906894
1.908280
1.909648
1.911027
1.912393
1.913764
1.915147
1.916520
1.917887
1.919257
1.920621
1.921989
1.923359
1.924723
1.926098
1.927460
1.928820
1.930188
1.931543
1.932909
1.934265
1.935632
1.936984
1.938344
1.939705
1.941067
1.942420
1.943776
1.945130
1.946479
1.947826
1.949184
1.950534
1.951882
1.953221
1.954580
1.955909
1.957262
1.958608
1.959948
1.961287
1.962625
1.963967
1.965307
1.966643
1.967981
1.969311
1.970653
1.971971
1.973313
1.974639
1.975965
1.977284
1.978618
1.979936
1.981262
1.982579
1.983905
1.985226
1.986536
1.987857
1.989176
1.990492
1.991808
1.993125
1.994430
1.995746
1.997057
1.998357
1.999659
2.000976
2.002274
2.003580
2.004875
2.006183
2.007476
2.008772
2.010076
2.011361
2.012667
2.013961
2.015257
2.016531
2.017827
2.019126
2.020401
2.021691
2.022983
2.024267
2.025547
2.026816
2.028100
2.029378
2.030661
2.031935
2.033208
2.034484
2.035749
2.037029
2.038306
2.039574
2.040840
2.042116
2.043381
2.044652
2.045915
2.047177
2.048434
2.049699
2.050962
2.052216
2.053475
2.054731
2.055988
2.057246
2.058497
2.059751
2.061003
2.062254
2.063510
2.064768
2.066003
2.067261
2.068507
2.069759
2.070994
2.072240
2.073500
2.074729
2.075969
2.077216
2.078457
2.079701
2.080941
2.082173
2.083414
2.084648
2.085883
2.087112
2.088347
2.089591
2.090825
2.092059
2.093290
2.094514
2.095755
2.096988
2.098205
2.099437
2.100666
2.101890
2.103115
2.104343
2.105557
2.106781
2.108026
2.109245
2.110473
2.111698
2.112919
2.114132
2.115345
2.116583
2.117789
2.119013
2.120238
2.121438
2.122670
2.123880
2.125091
2.126313
2.127518
2.128744
2.129953
2.131172
2.132398
2.133605
2.134808
2.136024
2.137241
2.138438
2.139667
2.140858
2.142090
2.143292
2.144501
2.145703
2.146916
2.148142
2.149334
2.150547
2.151750
2.152966
2.154168
2.155366
2.156579
2.157772
2.158971
2.160197
2.161385
2.162588
2.163799
2.165007
2.166204
2.167413
2.168609
2.169806
2.171009
2.172211
2.173406
2.174617
2.175818
2.177009
2.178207
2.179398
2.180604
2.181795
2.183002
2.184188
2.185388
2.186592
2.187780
2.188981
2.190163
2.191371
2.192555
2.193759
2.194948
2.196124
2.197331
2.198512
2.199698
2.200900
2.202095
2.203281
2.204474
2.205644
2.206849
2.208032
2.209213
2.210412
2.211609
2.212793
2.213968
2.215163
2.216337
2.217531
2.218709
2.219897
2.221081
2.222252
2.223442
2.224625
2.225816
2.226993
2.228171
2.229341
2.230522
2.231691
2.232879
2.234057
2.235235
2.236412
2.237596
2.238765
2.239917
2.241105
2.242289
2.243448
2.244622
2.245801
2.246967
2.248140
2.249321
2.250470
2.251655
2.252821
2.253987
2.255161
2.256321
2.257478
2.258649
2.259815
2.260976
2.262148
2.263282
2.264458
2.265642
2.266792
2.267942
2.269096
2.270267
2.271427
2.272575
2.273742
2.274880
2.276050
2.277198
2.278351
2.279501
2.280648
2.281806
2.282952
2.284107
2.285251
2.286403
2.287542
2.288689
2.289833
2.291002
2.292131
2.293280
2.294424
2.295565
2.296711
2.297846
2.298981
2.300122
2.301267
2.302403
2.303551
2.304679
2.305819
2.306953
2.308084
2.309233
2.310361
2.311488
2.312612
2.313752
2.314864
2.316007
2.317128
2.318259
2.319382
2.320517
2.321649
2.322759
2.323882
2.324997
2.326132
2.327248
2.328366
2.329494
2.330599
2.331725
2.332835
2.333961
2.335078
2.336187
2.337309
2.338407
2.339536
2.340653
2.341753
2.342862
2.343981
2.345076
2.346207
2.347310
2.348427
2.349525
2.350637
2.351746
2.352837
2.353938
2.355057
2.356156
2.357256
2.358360
2.359456
2.360543
2.361643
2.362762
2.363846
2.364945
2.366043
2.367125
2.368223
2.369334
2.370422
2.371523
2.372602
2.373701
2.374805
2.375886
2.376974
2.378071
2.379165
2.380252
2.381331
2.382417
2.383510
2.384600
2.385688
2.386764
2.387855
2.388949
2.390026
2.391113
2.392188
2.393269
2.394356
2.395439
2.396525
2.397609
2.398683
2.399764
2.400856
2.401916
2.403002
2.404090
2.405166
2.406225
2.407316
2.408400
2.409478
2.410542
2.411621
2.412701
2.413777
2.414863
2.415923
2.417010
2.418084
2.419158
2.420238
2.421308
2.422389
2.423456
2.424533
2.425599
2.426686
2.427759
2.428824
2.429886
2.430951
2.432047
2.433128
2.434181
2.435239
2.436337
2.437398
2.438476
2.439545
2.440623
2.441687
2.442753
2.443821
2.444902
2.445966
2.447048
2.448107
2.449194
2.450262
2.451349
2.452400
2.453480
2.454544
2.455624
2.456688
2.457767
2.458833
2.459907
2.460979
2.462066
2.463128
2.464194
2.465269
2.466337
2.467426
2.468500
2.469571
2.470647
2.471722
2.472799
2.473861
2.474921
2.476022
2.477080
2.478153
2.479235
2.480321
2.481392
2.482459
2.483543
2.484624
2.485696
2.486771
2.487856
2.488916
2.490003
2.491088
2.492161
2.493243
2.494315
2.495398
2.496491
2.497569
2.498644
2.499732
2.500812
2.501900
2.502971
2.504055
2.505144
2.506214
2.507319
2.508400
2.509488
2.510560
2.511658
2.512749
2.513827
2.514929
2.516009
2.517106
2.518194
2.519284
2.520377
2.521457
2.522543
2.523633
2.524734
2.525813
2.526916
2.528012
2.529100
2.530186
2.531298
2.532381
2.533479
2.534574
2.535672
2.536779
2.537876
2.538974
2.540072
2.541167
2.542260
2.543371
2.544466
2.545569
2.546678
2.547776
2.548873
2.549989
2.551078
2.552185
2.553302
2.554404
2.555516
2.556604
2.557716
2.558818
2.559934
2.561057
2.562147
2.563262
2.564369
2.565483
2.566584
2.567706
2.568814
2.569925
2.571033
2.572158
2.573255
2.574377
2.575482
2.576596
2.577715
2.578833
2.579953
2.581074
2.582182
2.583304
2.584415
2.585531
2.586645
2.587769
2.588887
2.590008
2.591133
2.592245
2.593375
2.594490
2.595619
2.596732
2.597856
2.598973
2.600092
2.601219
2.602339
2.603459
2.604586
2.605710
2.606829
2.607940
2.609072
2.610201
2.611323
2.612450
2.613579
2.614690
2.615818
2.616948
2.618075
2.619189
2.620314
2.621450
2.622566
2.623695
2.624824
2.625954
2.627068
2.628192
2.629321
2.630462
2.631573
2.632709
2.633840
2.634963
2.636078
2.637208
2.638334
2.639456
2.640589
2.641711
2.642837
2.643978
2.645094
2.646214
2.647336
2.648475
2.649590
2.650720
2.651836
2.652975
2.654095
2.655230
2.656349
2.657468
2.658600
2.659729
2.660852
2.661973
2.663103
2.664217
2.665339
2.666467
2.667589
2.668716
2.669824
2.670957
2.672080
2.673207
2.674329
2.675433
2.676571
2.677696
2.678818
2.679934
2.681051
2.682165
2.683299
2.684401
2.685528
2.686656
2.687772
2.688890
2.689998
2.691122
2.692232
2.693347
2.694463
2.695585
2.696702
2.697817
2.698937
2.700055
2.701159
2.702272
2.703389
2.704501
2.705615
2.706728
2.707834
2.708943
2.710061
2.711181
2.712282
2.713392
2.714498
2.715607
2.716719
2.717826
2.718932
2.720029
2.721137
2.722247
2.723349
2.724452
2.725562
2.726661
2.727772
2.728879
2.729973
2.731086
2.732180
2.733283
2.734385
2.735487
2.736586
2.737681
2.738783
2.739890
2.740979
2.742082
2.743176
2.744272
2.745376
2.746462
2.747561
2.748646
2.749759
2.750844
2.751947
2.753033
2.754123
2.755220
2.756312
2.757388
2.758490
2.759581
2.760664
2.761753
2.762851
2.763929
2.765022
2.766107
2.767192
2.768281
2.769366
2.770438
2.771533
2.772611
2.773704
2.774780
2.775865
2.776942
2.778031
2.779107
2.780189
2.781272
2.782343
2.783440
2.784523
2.785597
2.786674
2.787748
2.788824
2.789902
2.790987
2.792058
2.793130
2.794214
2.795281
2.796360
2.797426
2.798495
2.799574
2.800653
2.801731
2.802791
2.803867
2.804936
2.806018
2.807074
2.808131
2.809221
2.810288
2.811352
2.812413
2.813502
2.814561
2.815624
2.816698
2.817763
2.818832
2.819902
2.820962
2.822026
2.823099
2.824157
2.825226
2.826299
2.827350
2.828410
2.829477
2.830539
2.831610
2.832656
2.833730
2.834804
2.835861
2.836926
2.837988
2.839039
2.840106
2.841155
2.842225
2.843279
2.844332
2.845409
2.846457
2.847519
2.848582
2.849644
2.850707
2.851759
2.852824
2.853878
2.854939
2.855992
2.857050
2.858106
2.859174
2.860237
2.861287
2.862346
2.863407
2.864464
2.865525
2.866572
2.867637
2.868688
2.869742
2.870810
2.871864
2.872916
2.873976
2.875036
2.876083
2.877140
2.878202
2.879267
2.880310
2.881371
2.882423
2.883488
2.884540
2.885594
2.886656
2.887703
2.888776
2.889822
2.890881
2.891934
2.893006
2.894062
2.895114
2.896175
2.897235
2.898289
2.899341
2.900417
2.901459
2.902522
2.903579
2.904630
2.905700
2.906755
2.907804
2.908858
2.909922
2.910979
2.912035
2.913095
2.914158
2.915213
2.916265
2.917339
2.918400
2.919473
2.920521
2.921566
2.922644
2.923698
2.924754
2.925815
2.926880
2.927936
2.929003
2.930060
2.931126
2.932183
2.933244
2.934307
2.935371
2.936431
2.937500
2.938559
2.939622
2.940691
2.941748
2.942820
2.943887
2.944942
2.946009
2.947072
2.948143
2.949206
2.950263
2.951330
2.952398
2.953470
2.954530
2.955597
2.956664
2.957741
2.958804
2.959869
2.960934
2.962006
2.963070
2.964145
2.965208
2.966283
2.967355
2.968423
2.969497
2.970563
2.971635
2.972701
2.973769
2.974837
2.975912
2.976988
2.978056
2.979133
2.980208
2.981273
2.982347
2.983422
2.984488
2.985572
2.986624
2.987706
2.988791
2.989868
2.990937
2.992008
2.993083
2.994172
2.995239
2.996303
2.997392
2.998464
2.999544
3.000619
3.001695
3.002771
3.003858
3.004933
3.006005
3.007080
3.008165
3.009239
3.010319
3.011408
3.012480
3.013556
3.014639
3.015716
3.016792
3.017882
3.018960
3.020034
3.021117
3.022196
3.023273
3.024357
3.025440
3.026524
3.027608
3.028688
3.029769
3.030847
3.031930
3.033002
3.034087
3.035171
3.036255
3.037336
3.038410
3.039498
3.040577
3.041666
3.042739
3.043833
3.044900
3.045985
3.047063
3.048148
3.049225
3.050321
3.051401
3.052482
3.053561
3.054642
3.055728
3.056804
3.057884
3.058971
3.060052
3.061127
3.062217
3.063286
3.064374
3.065454
3.066532
3.067614
3.068691
3.069772
3.070853
3.071927
3.073012
3.074088
3.075165
3.076246
3.077324
3.078400
3.079472
3.080548
3.081624
3.082702
3.083775
3.084849
3.085928
3.087005
3.088072
3.089145
3.090217
3.091284
3.092353
3.093422
3.094491
3.095560
3.096633
3.097703
3.098761
3.099837
3.100888
3.101958
3.103017
3.104077
3.105138
3.106202
3.107263
3.108324
3.109380
3.110434
3.111491
3.112551
3.113600
3.114651
3.115702
3.116752
3.117802
3.118853
3.119895
3.120938
3.121979
3.123033
3.124077
3.125106
3.126145
3.127190
3.128217
3.129258
3.130277
3.131304
3.132336
3.133370
3.134389
3.135412
3.136434
3.137444
3.138462
3.139479
3.140502
3.141511
3.142505
3.143523
3.144527
3.145522
3.146526
3.147528
3.148523
3.149507
3.150501
3.151489
3.152473
3.153457
3.154437
3.155406
3.156383
3.157360
3.158324
3.159280
3.160248
3.161196
3.162167
3.163116
3.164053
3.165007
3.165934
3.166879
3.167812
3.168744
3.169672
3.170590
3.171511
3.172433
3.173341
3.174246
3.175152
3.176047
3.176938
3.177833
3.178717
3.179596
3.180471
3.181345
3.182204
3.183075
3.183932
3.184780
3.185621
3.186462
3.187302
3.188130
3.188948
3.189768
3.190589
3.191392
3.192199
3.192995
3.193769
3.194564
3.195333
3.196109
3.196865
3.197625
3.198371
3.199118
3.199857
3.200587
3.201304
3.202013
3.202718
3.203420
3.204110
3.204798
3.205463
3.206131
3.206792
3.207441
3.208085
3.208713
3.209333
3.209953
3.210559
3.211156
3.211742
3.212332
3.212896
3.213452
3.214001
3.214535
3.215069
3.215581
3.216092
3.216588
3.217078
3.217547
3.218013
3.218472
3.218908
3.219343
3.219757
3.220175
3.220560
3.220939
3.221304
3.221663
3.222021
3.222333
3.222656
3.222965
3.223249
3.223538
3.223796
3.224042
3.224280
3.224507
3.224699
3.224894
3.225075
3.225236
3.225381
3.225510
3.225617
3.225720
3.225800
3.225867
3.225917
3.225943
3.225970
3.225956
3.225934
3.225893
3.225850
3.225778
3.225682
3.225572
3.225447
3.225298
3.225132
3.224950
3.224740
3.224513
3.224270
3.224000
3.223721
3.223404
3.223080
3.222727
3.222355
3.221967
3.221551
3.221118
3.220653
3.220175
3.219671
3.219140
3.218594
3.218022
3.217424
3.216795
3.216146
3.215481
3.214784
3.214065
3.213319
3.212551
3.211755
3.210927
3.210080
3.209206
3.208296
3.207371
3.206422
3.205434
3.204423
3.203379
3.202311
3.201222
3.200096
3.198947
3.197763
3.196550
3.195315
3.194038
3.192742
3.191407
3.190045
3.188658
3.187235
3.185780
3.184300
3.182775
3.181237
3.179652
3.178037
3.176397
3.174715
3.172999
3.171252
3.169482
3.167666
3.165827
3.163948
3.162036
3.160080
3.158105
3.156088
3.154033
3.151944
3.149820
3.147670
3.145469
3.143241
3.140975
3.138665
3.136329
3.133948
3.131536
3.129092
3.126597
3.124080
3.121520
3.118913
3.116277
3.113607
3.110891
3.108143
3.105350
3.102525
3.099660
3.096756
3.093812
3.090826
3.087806
3.084748
3.081640
3.078504
3.075327
3.072103
3.068853
3.065553
3.062222
3.058838
3.055423
3.051965
3.048470
3.044932
3.041358
3.037746
3.034082
3.030391
3.026653
3.022879
3.019067
3.015210
3.011308
3.007382
3.003407
2.999389
2.995339
2.991242
2.987105
2.982933
2.978724
2.974461
2.970173
2.965843
2.961478
2.957070
2.952617
2.948131
2.943606
2.939043
2.934439
2.929803
2.925118
2.920402
2.915654
2.910863
2.906032
2.901165
2.896257
2.891320
2.886346
2.881334
2.876276
2.871191
2.866078
2.860919
2.855726
2.850501
2.845241
2.839944
2.834621
2.829250
2.823862
2.818438
2.812974
2.807483
2.801958
2.796397
2.790810
2.785192
2.779540
2.773863
2.768153
2.762416
2.756649
2.750844
2.745027
2.739176
2.733299
2.727388
2.721459
2.715499
2.709515
2.703511
2.697477
2.691420
2.685342
2.679235
2.673108
2.666956
2.660786
2.654598
2.648388
2.642156
2.635900
2.629635
2.623339
2.617034
2.610712
2.604368
2.598012
2.591639
2.585255
2.578857
2.572439
2.566010
2.559579
2.553117
2.546653
2.540174
2.533687
2.527196
2.520689
2.514175
2.507650
2.501127
2.494590
2.488053
2.481505
2.474957
2.468400
2.461843
2.455284
2.448720
2.442153
2.435592
2.429026
2.422467
2.415900
2.409341
2.402779
2.396223
2.389669
2.383125
2.376581
2.370044
2.363506
2.356986
2.350467
2.343960
2.337461
2.330972
2.324498
2.318022
2.311568
2.305117
2.298681
2.292262
2.285862
2.279469
2.273090
2.266729
2.260386
2.254057
2.247749
2.241455
2.235182
2.228924
2.222691
2.216469
2.210282
2.204112
2.197958
2.191828
2.185723
2.179643
2.173586
2.167557
2.161540
2.155562
2.149605
2.143678
2.137773
2.131897
2.126052
2.120228
2.114439
2.108676
2.102945
2.097243
2.091575
2.085932
2.080327
2.074753
2.069202
2.063689
2.058212
2.052762
2.047350
2.041969
2.036626
2.031309
2.026036
2.020790
2.015582
2.010411
2.005275
2.000171
1.995106
1.990080
1.985090
1.980131
1.975212
1.970333
1.965482
1.960678
1.955904
1.951169
1.946478
1.941820
1.937198
1.932616
1.928069
1.923563
1.919096
1.914668
1.910278
1.905921
1.901605
1.897325
1.893089
1.888884
1.884717
1.880586
1.876504
1.872448
1.868432
1.864460
1.860520
1.856617
1.852757
1.848919
1.845129
1.841372
1.837657
1.833972
1.830327
1.826718
1.823140
1.819603
1.816094
1.812625
1.809193
1.805787
1.802423
1.799090
1.795790
1.792528
1.789286
1.786091
1.782919
1.779790
1.776679
1.773607
1.770565
1.767560
1.764576
1.761621
1.758699
1.755808
1.752944
1.750108
1.747300
1.744524
1.741769
1.739047
1.736343
1.733674
1.731026
1.728402
1.725808
1.723234
1.720685
1.718158
1.715659
1.713182
1.710729
1.708289
1.705875
1.703487
1.701115
1.698764
1.696435
1.694123
1.691829
1.689552
1.687296
1.685060
1.682837
1.680632
1.678451
1.676277
1.674123
1.671982
1.669854
1.667745
1.665642
1.663562
1.661489
1.659433
1.657390
1.655357
1.653334
1.651329
1.649323
1.647339
1.645363
1.643392
1.641435
1.639484
1.637544
1.635613
1.633691
1.631776
1.629868
1.627971
1.626082
1.624193
1.622314
1.620442
1.618577
1.616715
1.614859
1.613013
1.611165
1.609322
1.607489
1.605656
1.603835
1.602007
1.600191
1.598380
1.596568
1.594759
1.592956
1.591152
1.589360
1.587556
1.585764
1.583977
1.582186
1.580402
1.578622
1.576838
1.575059
1.573284
1.571506
1.569737
1.567966
1.566195
1.564433
1.562666
1.560903
1.559143
1.557381
1.555627
1.553873
1.552119
1.550368
1.548620
1.546870
1.545124
1.543381
1.541637
1.539901
1.538168
1.536430
1.534697
1.532966
1.531243
1.529518
1.527795
1.526080
1.524371
1.522655
1.520950
1.519246
1.517540
1.515843
1.514150
1.512461
1.510777
1.509094
1.507412
1.505747
1.504078
1.502413
1.500757
1.499102
1.497455
1.495816
1.494175
1.492544
1.490927
1.489300
1.487687
1.486078
1.484478
1.482886
1.481298
1.479716
1.478146
1.476578
1.475020
1.473467
1.471925
1.470389
1.468863
1.467342
1.465827
1.464324
1.462828
1.461342
1.459863
1.458393
1.456933
1.455478
1.454034
1.452600
1.451179
1.449760
1.448351
1.446957
1.445570
1.444189
1.442822
1.441460
1.440109
1.438773
1.437442
1.436120
1.434807
1.433512
1.432220
1.430938
1.429667
1.428408
1.427157
1.425916
1.424685
1.423462
1.422249
1.421049
1.419857
1.418679
1.417504
1.416340
1.415189
1.414042
1.412908
1.411786
1.410670
1.409563
1.408469
1.407376
1.406297
1.405227
1.404165
1.403115
1.402066
1.401030
1.400003
1.398982
1.397978
1.396971
1.395973
1.394984
1.393999
1.393022
1.392063
1.391104
1.390148
1.389204
1.388260
1.387323
1.386397
1.385469
1.384558
1.383646
1.382742
1.381845
1.380947
1.380056
1.379172
1.378293
1.377414
1.376542
1.375675
1.374811
1.373945
1.373087
1.372233
1.371385
1.370532
1.369690
1.368847
1.368004
1.367163
1.366327
1.365494
1.364658
1.363831
1.362996
1.362162
1.361340
1.360509
1.359682
1.358853
1.358028
1.357202
1.356375
1.355550
1.354719
1.353897
1.353068
1.352237
1.351416
1.350590
1.349753
1.348924
1.348096
1.347258
1.346428
1.345591
1.344754
1.343919
1.343079
1.342236
1.341390
1.340550
1.339707
1.338858
1.338008
1.337151
1.336300
1.335449
1.334595
1.333730
1.332875
1.332013
1.331148
1.330283
1.329414
1.328549
1.327677
1.326807
1.325937
1.325061
1.324185
1.323307
1.322425
1.321550
1.320669
1.319790
1.318910
1.318018
1.317139
1.316254
1.315367
1.314488
1.313598
1.312715
1.311828
1.310945
1.310057
1.309172
1.308286
1.307406
1.306524
1.305645
1.304762
1.303886
1.303009
1.302137
1.301260
1.300395
1.299521
1.298657
1.297795
1.296935
1.296073
1.295224
1.294373
1.293526
1.292681
1.291844
1.291010
1.290178
1.289351
1.288528
1.287720
1.286904
1.286092
1.285295
1.284504
1.283709
1.282928
1.282156
1.281382
1.280619
1.279860
1.279108
1.278364
1.277630
1.276905
1.276180
1.275469
1.274763
1.274065
1.273376
1.272694
1.272021
1.271357
1.270697
1.270056
1.269417
1.268788
1.268173
1.267565
1.266966
1.266372
1.265794
1.265220
1.264656
1.264107
1.263572
1.263041
1.262517
1.262007
1.261503
1.261016
1.260538
1.260069
1.259611
1.259159
1.258720
1.258297
1.257880
1.257471
1.257077
1.256693
1.256310
1.255952
1.255602
1.255252
1.254919
1.254596
1.254290
1.253984
1.253695
1.253411
1.253138
1.252876
1.252625
1.252382
1.252151
1.251928
1.251711
1.251511
1.251322
1.251135
1.250958
1.250788
1.250634
1.250488
1.250345
1.250209
1.250090
1.249969
1.249861
1.249763
1.249675
1.249590
1.249510
1.249439
1.249375
1.249323
1.249267
1.249225
1.249182
1.249158
1.249133
1.249115
1.249099
1.249093
1.249090
1.249094
1.249096
1.249108
1.249126
1.249140
1.249165
1.249191
1.249221
1.249257
1.249293
1.249332
1.249374
1.249416
1.249464
1.249512
1.249563
1.249613
1.249671
1.249723
1.249781
1.249835
1.249896
1.249952
1.250009
1.250066
1.250123
1.250179
1.250235
1.250290
1.250348
1.250397
1.250446
1.250500
1.250546
1.250592
1.250641
1.250676
1.250720
1.250756
1.250792
1.250822
1.250850
1.250877
1.250894
1.250910
1.250932
1.250937
1.250944
1.250949
1.250939
1.250939
1.250930
1.250916
1.250898
1.250870
1.250843
1.250806
1.250770
1.250718
1.250673
1.250614
1.250558
1.250489
1.250418
1.250343
1.250261
1.250174
1.250076
1.249977
1.249874
1.249762
1.249641
1.249520
1.249390
1.249256
1.249112
1.248964
1.248808
1.248654
1.248490
1.248321
1.248139
1.247959
1.247770
1.247572
1.247374
1.247168
1.246950
1.246732
1.246507
1.246282
1.246040
1.245803
1.245558
1.245307
1.245047
1.244780
1.244514
1.244242
1.243966
1.243681
1.243390
1.243101
1.242805
1.242502
1.242195
1.241885
1.241569
1.241249
1.240927
1.240594
1.240266
1.239928
1.239585
1.239246
1.238904
1.238552
1.238199
1.237846
1.237483
1.237122
1.236768
1.236401
1.236030
1.235652
1.235285
1.234913
1.234533
1.234158
1.233775
1.233400
1.233015
1.232631
1.232250
1.231868
1.231477
1.231091
1.230711
1.230332
1.229939
1.229558
1.229173
1.228787
1.228404
1.228028
1.227644
1.227259
1.226886
1.226512
1.226131
1.225759
1.225387
1.225019
1.224654
1.224292
1.223926
1.223569
1.223213
1.222862
1.222508
1.222157
1.221822
1.221479
1.221140
1.220813
1.220485
1.220160
1.219839
1.219529
1.219215
1.218913
1.218614
1.218318
1.218030
1.217737
1.217459
1.217188
1.216918
1.216658
1.216399
1.216149
1.215903
1.215670
1.215436
1.215211
1.214988
1.214776
1.214570
1.214373
1.214181
1.214000
1.213820
1.213646
1.213486
