0.451092
0.452189
0.453284
0.454381
0.455477
0.456573
0.457668
0.458764
0.459861
0.460957
0.462053
0.463147
0.464243
0.465339
0.466433
0.467529
0.468624
0.469721
0.470815
0.471910
0.473006
0.474102
0.475196
0.476291
0.477385
0.478480
0.479574
0.480670
0.481764
0.482859
0.483954
0.485047
0.486142
0.487236
0.488330
0.489424
0.490517
0.491612
0.492705
0.493800
0.494894
0.495988
0.497079
0.498174
0.499267
0.500358
0.501452
0.502544
0.503640
0.504733
0.505825
0.506917
0.508010
0.509104
0.510197
0.511289
0.512380
0.513474
0.514568
0.515660
0.516752
0.517846
0.518936
0.520029
0.521121
0.522212
0.523305
0.524398
0.525490
0.526580
0.527674
0.528764
0.529857
0.530948
0.532038
0.533130
0.534221
0.535314
0.536405
0.537495
0.538588
0.539677
0.540768
0.541859
0.542951
0.544041
0.545132
0.546223
0.547314
0.548405
0.549493
0.550583
0.551674
0.552766
0.553856
0.554945
0.556037
0.557126
0.558215
0.559306
0.560395
0.561483
0.562575
0.563663
0.564754
0.565842
0.566933
0.568024
0.569110
0.570199
0.571288
0.572379
0.573467
0.574555
0.575645
0.576734
0.577824
0.578911
0.580000
0.581088
0.582176
0.583264
0.584353
0.585441
0.586529
0.587617
0.588705
0.589794
0.590884
0.591971
0.593059
0.594146
0.595233
0.596319
0.597408
0.598496
0.599583
0.600670
0.601757
0.602844
0.603933
0.605018
0.606106
0.607190
0.608279
0.609367
0.610453
0.611538
0.612626
0.613713
0.614799
0.615884
0.616972
0.618057
0.619142
0.620230
0.621316
0.622403
0.623488
0.624573
0.625660
0.626747
0.627830
0.628915
0.630002
0.631088
0.632172
0.633257
0.634344
0.635428
0.636515
0.637599
0.638684
0.639770
0.640854
0.641937
0.643023
0.644108
0.645192
0.646278
0.647361
0.648447
0.649529
0.650612
0.651698
0.652784
0.653867
0.654951
0.656035
0.657119
0.658201
0.659285
0.660369
0.661453
0.662537
0.663620
0.664702
0.665786
0.666870
0.667953
0.669036
0.670118
0.671202
0.672283
0.673367
0.674450
0.675531
0.676615
0.677698
0.678780
0.679861
0.680945
0.682028
0.683109
0.684193
0.685273
0.686355
0.687438
0.688519
0.689602
0.690682
0.691765
0.692846
0.693929
0.695009
0.696092
0.697171
0.698254
0.699334
0.700414
0.701496
0.702578
0.703658
0.704739
0.705820
0.706901
0.707981
0.709062
0.710143
0.711221
0.712305
0.713383
0.714464
0.715543
0.716624
0.717702
0.718782
0.719863
0.720945
0.722023
0.723103
0.724184
0.725262
0.726341
0.727419
0.728500
0.729580
0.730657
0.731736
0.732818
0.733894
0.734974
0.736054
0.737132
0.738211
0.739291
0.740367
0.741446
0.742525
0.743604
0.744683
0.745761
0.746838
0.747916
0.748995
0.750072
0.751150
0.752229
0.753306
0.754385
0.755462
0.756539
0.757616
0.758693
0.759771
0.760848
0.761925
0.763004
0.764079
0.765156
0.766232
0.767310
0.768388
0.769464
0.770541
0.771617
0.772690
0.773770
0.774846
0.775924
0.776999
0.778076
0.779149
0.780229
0.781301
0.782378
0.783456
0.784530
0.785607
0.786682
0.787756
0.788831
0.789907
0.790982
0.792057
0.793135
0.794208
0.795283
0.796358
0.797434
0.798508
0.799581
0.800658
0.801733
0.802807
0.803881
0.804956
0.806029
0.807102
0.808178
0.809253
0.810326
0.811401
0.812474
0.813550
0.814622
0.815696
0.816768
0.817842
0.818916
0.819989
0.821062
0.822138
0.823210
0.824284
0.825355
0.826428
0.827500
0.828576
0.829647
0.830720
0.831793
0.832867
0.833938
0.835011
0.836084
0.837154
0.838228
0.839299
0.840369
0.841446
0.842516
0.843588
0.844659
0.845732
0.846801
0.847875
0.848946
0.850013
0.851087
0.852160
0.853233
0.854302
0.855371
0.856444
0.857515
0.858586
0.859658
0.860728
0.861800
0.862869
0.863940
0.865010
0.866081
0.867150
0.868221
0.869292
0.870361
0.871431
0.872501
0.873572
0.874640
0.875710
0.876781
0.877849
0.878919
0.879989
0.881058
0.882127
0.883198
0.884266
0.885334
0.886405
0.887473
0.888541
0.889610
0.890680
0.891748
0.892815
0.893885
0.894952
0.896022
0.897090
0.898159
0.899229
0.900294
0.901363
0.902431
0.903500
0.904565
0.905634
0.906702
0.907770
0.908838
0.909907
0.910972
0.912038
0.913106
0.914172
0.915240
0.916307
0.917376
0.918443
0.919508
0.920574
0.921643
0.922708
0.923774
0.924839
0.925907
0.926975
0.928041
0.929105
0.930171
0.931238
0.932305
0.933369
0.934436
0.935501
0.936568
0.937632
0.938698
0.939763
0.940830
0.941895
0.942959
0.944024
0.945089
0.946156
0.947219
0.948283
0.949349
0.950413
0.951480
0.952542
0.953607
0.954672
0.955736
0.956800
0.957864
0.958928
0.959993
0.961058
0.962120
0.963182
0.964249
0.965312
0.966376
0.967440
0.968502
0.969565
0.970630
0.971693
0.972757
0.973821
0.974880
0.975945
0.977007
0.978072
0.979134
0.980196
0.981257
0.982321
0.983383
0.984446
0.985509
0.986570
0.987632
0.988694
0.989757
0.990821
0.991880
0.992943
0.994005
0.995065
0.996127
0.997190
0.998252
0.999313
1.000369
1.001430
1.002495
1.003553
1.004613
1.005673
1.006735
1.007797
1.008859
1.009917
1.010979
1.012038
1.013099
1.014158
1.015219
1.016276
1.017341
1.018399
1.019459
1.020520
1.021580
1.022641
1.023696
1.024757
1.025818
1.026879
1.027936
1.028997
1.030055
1.031114
1.032174
1.033234
1.034291
1.035350
1.036412
1.037469
1.038524
1.039585
1.040644
1.041700
1.042762
1.043820
1.044880
1.045937
1.046993
1.048053
1.049111
1.050169
1.051228
1.052287
1.053344
1.054397
1.055455
1.056517
1.057572
1.058632
1.059687
1.060745
1.061800
1.062859
1.063916
1.064971
1.066031
1.067088
1.068143
1.069199
1.070257
1.071312
1.072371
1.073427
1.074481
1.075539
1.076596
1.077653
1.078707
1.079763
1.080820
1.081876
1.082930
1.083989
1.085044
1.086100
1.087156
1.088211
1.089264
1.090318
1.091376
1.092428
1.093483
1.094544
1.095598
1.096652
1.097708
1.098761
1.099816
1.100869
1.101925
1.102980
1.104035
1.105089
1.106144
1.107200
1.108257
1.109306
1.110362
1.111414
1.112471
1.113524
1.114579
1.115633
1.116689
1.117738
1.118795
1.119848
1.120900
1.121954
1.123006
1.124062
1.125112
1.126166
1.127220
1.128274
1.129325
1.130379
1.131436
1.132486
1.133537
1.134592
1.135646
1.136697
1.137750
1.138803
1.139856
1.140908
1.141957
1.143010
1.144065
1.145118
1.146169
1.147222
1.148276
1.149323
1.150380
1.151428
1.152484
1.153533
1.154589
1.155639
1.156689
1.157745
1.158792
1.159846
1.160898
1.161948
1.162999
1.164053
1.165100
1.166156
1.167209
1.168258
1.169307
1.170362
1.171409
1.172459
1.173515
1.174563
1.175612
1.176668
1.177716
1.178766
1.179818
1.180871
1.181921
1.182972
1.184021
1.185073
1.186124
1.187175
1.188224
1.189276
1.190326
1.191378
1.192426
1.193480
1.194531
1.195576
1.196628
1.197681
1.198726
1.199777
1.200831
1.201876
1.202932
1.203978
1.205032
1.206082
1.207131
1.208181
1.209228
1.210282
1.211333
1.212380
1.213429
1.214480
1.215529
1.216577
1.217630
1.218681
1.219734
1.220782
1.221830
1.222879
1.223931
1.224980
1.226031
1.227080
1.228129
1.229180
1.230229
1.231280
1.232329
1.233378
1.234432
1.235478
1.236529
1.237580
1.238631
1.239680
1.240727
1.241779
1.242825
1.243879
1.244928
1.245975
1.247026
1.248077
1.249129
1.250179
1.251227
1.252281
1.253333
1.254383
1.255430
1.256480
1.257531
1.258579
1.259632
1.260679
1.261731
1.262782
1.263833
1.264882
1.265934
1.266987
1.268034
1.269086
1.270136
1.271187
1.272237
1.273283
1.274340
1.275391
1.276441
1.277493
1.278544
1.279593
1.280648
1.281696
1.282748
1.283799
1.284849
1.285905
1.286955
1.288006
1.289059
1.290111
1.291161
1.292212
1.293270
1.294314
1.295370
1.296420
1.297477
1.298528
1.299580
1.300633
1.301685
1.302740
1.303793
1.304846
1.305898
1.306954
1.308006
1.309063
1.310113
1.311169
1.312220
1.313273
1.314334
1.315381
1.316435
1.317489
1.318546
1.319602
1.320657
1.321712
1.322772
1.323820
1.324874
1.325936
1.326989
1.328047
1.329100
1.330158
1.331213
1.332270
1.333326
1.334382
1.335442
1.336502
1.337554
1.338613
1.339675
1.340734
1.341789
1.342850
1.343908
1.344968
1.346022
1.347087
1.348142
1.349208
1.350262
1.351319
1.352385
1.353443
1.354505
1.355564
1.356628
1.357690
1.358751
1.359818
1.360875
1.361941
1.363004
1.364066
1.365130
1.366190
1.367256
1.368320
1.369387
1.370448
1.371515
1.372581
1.373645
1.374713
1.375779
1.376848
1.377913
1.378979
1.380042
1.381117
1.382184
1.383252
1.384321
1.385390
1.386456
1.387528
1.388604
1.389670
1.390740
1.391812
1.392887
1.393956
1.395029
1.396104
1.397174
1.398247
1.399320
1.400397
1.401471
1.402545
1.403625
1.404698
1.405774
1.406853
1.407931
1.409005
1.410087
1.411164
1.412244
1.413323
1.414401
1.415486
1.416564
1.417645
1.418729
1.419809
1.420892
1.421978
1.423062
1.424147
1.425231
1.426312
1.427402
1.428491
1.429577
1.430666
1.431756
1.432844
1.433932
1.435020
1.436111
1.437201
1.438294
1.439385
1.440477
1.441569
1.442665
1.443765
1.444858
1.445953
1.447048
1.448149
1.449244
1.450348
1.451445
1.452541
1.453644
1.454744
1.455846
1.456948
1.458050
1.459151
1.460260
1.461365
1.462468
1.463581
1.464690
1.465795
1.466904
1.468012
1.469125
1.470236
1.471347
1.472460
1.473577
1.474689
1.475810
1.476923
1.478034
1.479151
1.480268
1.481395
1.482512
1.483631
1.484749
1.485876
1.486997
1.488123
1.489252
1.490377
1.491499
1.492634
1.493759
1.494892
1.496019
1.497152
1.498282
1.499415
1.500549
1.501686
1.502820
1.503960
1.505100
1.506244
1.507378
1.508520
1.509663
1.510804
1.511948
1.513095
1.514237
1.515388
1.516537
1.517684
1.518833
1.519980
1.521140
1.522290
1.523448
1.524598
1.525760
1.526919
1.528077
1.529237
1.530399
1.531562
1.532726
1.533890
1.535055
1.536220
1.537381
1.538553
1.539726
1.540899
1.542067
1.543247
1.544420
1.545594
1.546770
1.547950
1.549131
1.550315
1.551493
1.552682
1.553864
1.555049
1.556242
1.557426
1.558620
1.559808
1.560998
1.562194
1.563387
1.564581
1.565782
1.566984
1.568182
1.569381
1.570586
1.571788
1.572997
1.574201
1.575410
1.576623
1.577834
1.579041
1.580255
1.581469
1.582690
1.583909
1.585128
1.586349
1.587568
1.588792
1.590017
1.591242
1.592472
1.593701
1.594927
1.596166
1.597397
1.598631
1.599867
1.601105
1.602341
1.603581
1.604821
1.606070
1.607311
1.608561
1.609804
1.611060
1.612301
1.613557
1.614812
1.616070
1.617320
1.618584
1.619842
1.621104
1.622362
1.623627
1.624898
1.626157
1.627430
1.628698
1.629972
1.631248
1.632519
1.633798
1.635072
1.636351
1.637629
1.638910
1.640200
1.641486
1.642770
1.644054
1.645341
1.646634
1.647934
1.649226
1.650517
1.651822
1.653115
1.654416
1.655718
1.657017
1.658324
1.659633
1.660940
1.662251
1.663561
1.664870
1.666189
1.667500
1.668820
1.670140
1.671455
1.672779
1.674099
1.675424
1.676754
1.678082
1.679414
1.680739
1.682067
1.683404
1.684738
1.686071
1.687413
1.688752
1.690094
1.691438
1.692778
1.694121
1.695467
1.696816
1.698171
1.699514
1.700873
1.702226
1.703577
1.704931
1.706295
1.707648
1.709012
1.710375
1.711741
1.713101
1.714469
1.715836
1.717201
1.718577
1.719951
1.721319
1.722694
1.724069
1.725440
1.726825
1.728204
1.729583
1.730968
1.732348
1.733734
1.735120
1.736504
1.737889
1.739284
1.740680
1.742067
1.743465
1.744853
1.746247
1.747652
1.749046
1.750446
1.751846
1.753251
1.754650
1.756057
1.757461
1.758866
1.760274
1.761683
1.763088
1.764503
1.765911
1.767319
1.768732
1.770151
1.771569
1.772983
1.774405
1.775823
1.777244
1.778662
1.780079
1.781506
1.782928
1.784352
1.785778
1.787204
1.788630
1.790055
1.791483
1.792914
1.794345
1.795779
1.797212
1.798641
1.800077
1.801506
1.802945
1.804383
1.805815
1.807257
1.808691
1.810132
1.811564
1.813005
1.814445
1.815884
1.817329
1.818776
1.820215
1.821660
1.823103
1.824549
1.825991
1.827438
1.828887
1.830329
1.831777
1.833225
1.834671
1.836123
1.837570
1.839017
1.840466
1.841913
1.843372
1.844815
1.846272
1.847720
1.849167
1.850621
1.852071
1.853528
1.854977
1.856429
1.857881
1.859332
1.860791
1.862235
1.863690
1.865146
1.866597
1.868055
1.869505
1.870957
1.872411
1.873869
1.875319
1.876770
1.878226
1.879677
1.881130
1.882589
1.884041
1.885496
1.886947
1.888403
1.889852
1.891303
1.892753
1.894208
1.895660
1.897115
1.898559
1.900011
1.901459
1.902909
1.904366
1.905811
1.907265
1.908718
1.910164
1.911611
1.913056
1.914509
1.915951
1.917398
1.918848
1.920286
1.921733
1.923183
1.924620
1.926065
1.927511
1.928950
1.930392
1.931833
1.933272
1.934709
1.936152
1.937592
1.939025
1.940467
1.941897
1.943335
1.944770
1.946201
1.947635
1.949067
1.950501
1.951931
1.953360
1.954789
1.956213
1.957641
1.959070
1.960498
1.961917
1.963347
1.964765
1.966189
1.967604
1.969026
1.970444
1.971864
1.973280
1.974691
1.976110
1.977523
1.978933
1.980343
1.981753
1.983163
1.984568
1.985978
1.987386
1.988788
1.990189
1.991590
1.992990
1.994391
1.995786
1.997184
1.998584
1.999974
2.001358
2.002751
2.004141
2.005528
2.006919
2.008304
2.009688
2.011068
2.012452
2.013830
2.015210
2.016586
2.017965
2.019342
2.020717
2.022087
2.023457
2.024827
2.026198
2.027555
2.028926
2.030284
2.031646
2.033011
2.034369
2.035726
2.037078
2.038431
2.039782
2.041128
2.042486
2.043833
2.045189
2.046526
2.047864
2.049206
2.050547
2.051886
2.053223
2.054555
2.055886
2.057222
2.058548
2.059874
2.061198
2.062525
2.063848
2.065175
2.066487
2.067802
2.069117
2.070429
2.071748
2.073056
2.074362
2.075667
2.076976
2.078281
2.079581
2.080878
2.082177
2.083477
2.084769
2.086062
2.087347
2.088650
2.089932
2.091215
2.092503
2.093780
2.095058
2.096333
2.097609
2.098888
2.100165
2.101430
2.102696
2.103960
2.105223
2.106488
2.107751
2.109014
2.110270
2.111522
2.112779
2.114030
2.115281
2.116534
2.117776
2.119020
2.120264
2.121502
2.122738
2.123975
2.125216
2.126445
2.127673
2.128907
2.130134
2.131355
2.132579
2.133796
2.135018
2.136240
2.137453
2.138663
2.139881
2.141090
2.142300
2.143503
2.144715
2.145915
2.147111
2.148311
2.149506
2.150702
2.151898
2.153087
2.154271
2.155459
2.156652
2.157829
2.159009
2.160196
2.161373
2.162544
2.163718
2.164897
2.166061
2.167227
2.168399
2.169555
2.170722
2.171885
2.173045
2.174197
2.175353
2.176510
2.177666
2.178810
2.179962
2.181102
2.182252
2.183391
2.184530
2.185665
2.186809
2.187940
2.189077
2.190202
2.191323
2.192461
2.193588
2.194707
2.195826
2.196958
2.198073
2.199190
2.200308
2.201414
2.202528
2.203637
2.204742
2.205845
2.206957
2.208060
2.209161
2.210253
2.211352
2.212444
2.213546
2.214639
2.215731
2.216817
2.217902
2.218978
2.220068
2.221150
2.222229
2.223306
2.224388
2.225459
2.226526
2.227600
2.228676
2.229742
2.230821
2.231876
2.232940
2.233997
2.235062
2.236118
2.237170
2.238226
2.239284
2.240334
2.241382
2.242436
2.243479
2.244528
2.245572
2.246611
2.247655
2.248684
2.249726
2.250759
2.251800
2.252831
2.253863
2.254895
2.255915
2.256937
2.257963
2.258993
2.260023
2.261029
2.262057
2.263072
2.264099
2.265110
2.266122
2.267134
2.268143
2.269152
2.270157
2.271171
2.272168
2.273176
2.274170
2.275176
2.276181
2.277162
2.278160
2.279155
2.280151
2.281142
2.282136
2.283134
2.284116
2.285097
2.286083
2.287078
2.288048
2.289032
2.290007
2.290991
2.291975
2.292949
2.293917
2.294889
2.295873
2.296833
2.297804
2.298775
2.299742
2.300705
2.301668
2.302630
2.303596
2.304556
2.305515
2.306482
2.307442
2.308394
2.309343
2.310293
2.311251
2.312194
2.313159
2.314099
2.315056
2.315996
2.316947
2.317885
2.318835
2.319760
2.320705
2.321647
2.322587
2.323527
2.324467
2.325392
2.326329
2.327273
2.328199
2.329131
2.330053
2.330982
2.331921
2.332844
2.333771
2.334703
2.335618
2.336539
2.337454
2.338380
2.339301
2.340225
2.341149
2.342058
2.342981
2.343892
2.344802
2.345717
2.346634
2.347546
2.348457
2.349357
2.350266
2.351179
2.352080
2.352986
2.353903
2.354802
2.355695
2.356602
2.357507
2.358402
2.359298
2.360203
2.361096
2.361999
2.362891
2.363786
2.364681
2.365570
2.366462
2.367366
2.368250
2.369138
2.370034
2.370918
2.371808
2.372687
2.373583
2.374466
2.375347
2.376231
2.377124
2.378000
2.378883
2.379765
2.380640
2.381524
2.382402
2.383277
2.384160
2.385039
2.385904
2.386781
2.387655
2.388530
2.389411
2.390278
2.391145
2.392023
2.392882
2.393762
2.394631
2.395501
2.396369
2.397228
2.398099
2.398960
2.399831
2.400692
2.401557
2.402423
2.403278
2.404144
2.405009
2.405874
2.406730
2.407582
2.408443
2.409303
2.410161
2.411017
2.411877
2.412725
2.413585
2.414438
2.415301
2.416153
2.416997
2.417856
2.418700
2.419566
2.420406
2.421261
2.422102
2.422962
2.423808
2.424654
2.425508
2.426353
2.427199
2.428045
2.428895
2.429741
2.430589
2.431418
2.432275
2.433116
2.433953
2.434794
2.435644
2.436491
2.437319
2.438165
2.439000
2.439849
2.440681
2.441528
2.442361
2.443194
2.444030
2.444874
2.445701
2.446541
2.447383
2.448218
2.449056
2.449885
2.450726
2.451564
2.452395
2.453231
2.454060
2.454893
2.455719
2.456554
2.457376
2.458207
2.459043
2.459878
2.460717
2.461538
2.462364
2.463195
2.464018
2.464850
2.465674
2.466500
2.467342
2.468158
2.468983
2.469809
2.470634
2.471454
2.472278
2.473108
2.473929
2.474756
2.475572
2.476404
2.477229
2.478047
2.478870
2.479697
2.480520
2.481336
2.482162
2.482986
2.483803
2.484617
2.485438
2.486269
2.487080
2.487895
2.488715
2.489532
2.490349
2.491160
2.491992
2.492815
2.493627
2.494440
2.495262
2.496074
2.496896
2.497711
2.498524
2.499347
2.500157
2.500969
2.501793
2.502613
2.503410
2.504220
2.505048
2.505861
2.506670
2.507488
2.508300
2.509117
2.509930
2.510731
2.511551
2.512358
2.513181
2.513990
2.514797
2.515606
2.516413
2.517222
2.518033
2.518848
2.519661
2.520466
2.521280
2.522094
2.522897
2.523704
2.524518
2.525321
2.526132
2.526944
2.527758
2.528555
2.529367
2.530180
2.530980
2.531776
2.532598
2.533401
2.534210
2.535017
2.535819
2.536634
2.537445
2.538238
2.539051
2.539858
2.540655
2.541467
2.542272
2.543084
2.543880
2.544688
2.545498
2.546298
2.547106
2.547903
2.548702
2.549516
2.550317
2.551120
2.551919
2.552726
2.553541
2.554336
2.555148
2.555947
2.556745
2.557557
2.558355
2.559158
2.559964
2.560755
2.561566
2.562371
2.563162
2.563964
2.564772
2.565577
2.566373
2.567171
2.567971
2.568779
2.569580
2.570386
2.571183
2.571978
2.572777
2.573577
2.574381
2.575183
2.575983
2.576784
2.577579
2.578392
2.579184
2.579983
2.580790
2.581574
2.582379
2.583189
2.583981
2.584787
2.585578
2.586380
2.587183
2.587978
2.588778
2.589571
2.590370
2.591176
2.591969
2.592776
2.593573
2.594372
2.595164
2.595967
2.596757
2.597553
2.598356
2.599153
2.599944
2.600758
2.601542
2.602350
2.603140
2.603940
2.604744
2.605534
2.606335
2.607133
2.607928
2.608732
2.609528
2.610318
2.611113
2.611908
2.612710
2.613513
2.614300
2.615099
2.615896
2.616694
2.617489
2.618282
2.619081
2.619879
2.620667
2.621468
2.622269
2.623067
2.623867
2.624652
2.625446
2.626236
2.627042
2.627841
2.628645
2.629432
2.630228
2.631022
2.631814
2.632617
2.633403
2.634206
2.634998
2.635789
2.636594
2.637394
2.638178
2.638972
2.639767
2.640569
2.641366
2.642150
2.642950
2.643738
2.644534
2.645329
2.646127
2.646927
2.647723
2.648515
2.649299
2.650107
2.650892
2.651685
2.652490
2.653288
2.654068
2.654865
2.655661
2.656459
2.657250
2.658036
2.658843
2.659634
2.660429
2.661218
2.662014
2.662803
2.663598
2.664387
2.665187
2.665983
2.666776
2.667570
2.668354
2.669159
2.669947
2.670743
2.671538
2.672331
2.673117
2.673913
2.674717
2.675496
2.676301
2.677083
2.677892
2.678679
2.679469
2.680261
2.681064
2.681849
2.682642
2.683435
2.684232
2.685028
2.685814
2.686612
2.687399
2.688197
2.688983
2.689776
2.690573
2.691357
2.692153
2.692958
2.693755
2.694541
2.695327
2.696121
2.696917
2.697701
2.698504
2.699286
2.700086
2.700892
2.701669
2.702461
2.703254
2.704048
2.704841
2.705631
2.706434
2.707218
2.708013
2.708801
2.709596
2.710382
2.711178
2.711972
2.712765
2.713539
2.714344
2.715132
2.715932
2.716720
2.717504
2.718310
2.719103
2.719896
2.720676
2.721475
2.722263
2.723054
2.723841
2.724645
2.725434
2.726236
2.727021
2.727809
2.728599
2.729382
2.730175
2.730972
2.731764
2.732553
2.733349
2.734137
2.734930
2.735711
2.736518
2.737302
2.738104
2.738891
2.739677
2.740465
2.741255
2.742048
2.742843
2.743634
2.744431
2.745213
2.746002
2.746787
2.747586
2.748374
2.749176
2.749963
2.750754
2.751552
2.752334
2.753128
2.753908
2.754710
2.755494
2.756285
2.757076
2.757868
2.758654
2.759445
2.760230
2.761026
2.761818
2.762610
2.763400
2.764187
2.764976
2.765772
2.766552
2.767352
2.768138
2.768926
2.769713
2.770503
2.771297
2.772076
2.772869
2.773658
2.774455
2.775244
2.776032
2.776819
2.777602
2.778392
2.779182
2.779978
2.780767
2.781556
2.782346
2.783137
2.783915
2.784708
2.785493
2.786282
2.787070
2.787863
2.788650
2.789446
2.790230
2.791020
2.791804
2.792583
2.793383
2.794178
2.794966
2.795735
2.796531
2.797329
2.798113
2.798895
2.799675
2.800470
2.801262
2.802051
2.802830
2.803619
2.804402
2.805201
2.805983
2.806770
2.807554
2.808346
2.809123
2.809917
2.810699
2.811492
2.812274
2.813055
2.813843
2.814631
2.815428
2.816203
2.816994
2.817765
2.818561
2.819347
2.820128
2.820920
2.821691
2.822487
2.823270
2.824049
2.824834
2.825622
2.826411
2.827195
2.827981
2.828758
2.829542
2.830329
2.831105
2.831894
2.832680
2.833459
2.834251
2.835015
2.835803
2.836601
2.837375
2.838153
2.838933
2.839723
2.840503
2.841277
2.842068
2.842857
2.843627
2.844408
2.845196
2.845966
2.846748
2.847532
2.848319
2.849092
2.849879
2.850647
2.851429
2.852208
2.852996
2.853762
2.854542
2.855316
2.856102
2.856884
2.857666
2.858432
2.859217
2.859984
2.860765
2.861542
2.862326
2.863095
2.863868
2.864648
2.865417
2.866188
2.866965
2.867735
2.868516
2.869302
2.870063
2.870832
2.871615
2.872382
2.873153
2.873927
2.874697
2.875462
2.876241
2.877018
2.877785
2.878544
2.879312
2.880090
2.880863
2.881625
2.882391
2.883154
2.883924
2.884697
2.885464
2.886226
2.886992
2.887762
2.888522
2.889282
2.890057
2.890810
2.891578
2.892340
2.893105
2.893862
2.894623
2.895379
2.896139
2.896901
2.897657
2.898415
2.899181
2.899930
2.900695
2.901446
2.902204
2.902956
2.903712
2.904469
2.905224
2.905969
2.906722
2.907476
2.908228
2.908978
2.909724
2.910478
2.911221
2.911963
2.912718
2.913455
2.914203
2.914943
2.915703
2.916432
2.917177
2.917923
2.918659
2.919406
2.920147
2.920871
2.921613
2.922349
2.923090
2.923818
2.924556
2.925287
2.926013
2.926747
2.927475
2.928206
2.928937
2.929653
2.930385
2.931104
2.931846
2.932554
2.933274
2.933995
2.934718
2.935438
2.936148
2.936865
2.937583
2.938286
2.939007
2.939724
2.940432
2.941137
2.941839
2.942541
2.943257
2.943952
2.944659
2.945360
2.946054
2.946752
2.947448
2.948141
2.948835
2.949527
2.950224
2.950914
2.951599
2.952290
2.952972
2.953646
2.954329
2.955000
2.955686
2.956358
2.957036
2.957706
2.958384
2.959047
2.959714
2.960375
2.961041
2.961700
2.962366
2.963022
2.963675
2.964332
2.964989
2.965623
2.966273
2.966916
2.967571
2.968206
2.968838
2.969478
2.970116
2.970740
2.971372
2.972001
2.972630
2.973250
2.973871
2.974486
2.975107
2.975714
2.976323
2.976933
2.977540
2.978143
2.978732
2.979335
2.979940
2.980520
2.981116
2.981694
2.982286
2.982864
2.983445
2.984015
2.984578
2.985158
2.985725
2.986277
2.986851
2.987408
2.987951
2.988504
2.989047
2.989591
2.990132
2.990665
2.991208
2.991726
2.992261
2.992785
2.993309
2.993816
2.994328
2.994837
2.995344
2.995843
2.996339
2.996833
2.997326
2.997800
2.998292
2.998761
2.999238
2.999720
3.000179
3.000632
3.001107
3.001544
3.001993
3.002444
3.002891
3.003314
3.003747
3.004180
3.004591
3.005018
3.005425
3.005841
3.006244
3.006647
3.007040
3.007425
3.007801
3.008185
3.008558
3.008936
3.009305
3.009659
3.010006
3.010355
3.010696
3.011031
3.011373
3.011697
3.012018
3.012335
3.012644
3.012947
3.013247
3.013548
3.013826
3.014111
3.014393
3.014654
3.014927
3.015185
3.015429
3.015686
3.015922
3.016151
3.016388
3.016601
3.016821
3.017030
3.017224
3.017426
3.017606
3.017794
3.017972
3.018138
3.018300
3.018459
3.018606
3.018746
3.018885
3.019011
3.019130
3.019247
3.019344
3.019450
3.019535
3.019625
3.019689
3.019770
3.019825
3.019871
3.019927
3.019958
3.019986
3.020016
3.020029
3.020036
3.020033
3.020026
3.020001
3.019986
3.019940
3.019903
3.019854
3.019795
3.019730
3.019663
3.019555
3.019479
3.019375
3.019264
3.019142
3.019014
3.018878
3.018740
3.018579
3.018417
3.018241
3.018062
3.017872
3.017677
3.017464
3.017240
3.017019
3.016775
3.016528
3.016278
3.015997
3.015721
3.015440
3.015150
3.014832
3.014523
3.014197
3.013858
3.013513
3.013153
3.012786
3.012411
3.012028
3.011625
3.011225
3.010808
3.010376
3.009929
3.009486
3.009026
3.008545
3.008071
3.007581
3.007080
3.006563
3.006037
3.005495
3.004949
3.004391
3.003825
3.003250
3.002650
3.002045
3.001436
3.000810
3.000176
2.999524
2.998865
2.998188
2.997509
2.996805
2.996103
2.995383
2.994656
2.993906
2.993150
2.992383
2.991614
2.990823
2.990030
2.989205
2.988384
2.987534
2.986674
2.985823
2.984955
2.984056
2.983151
2.982242
2.981317
2.980379
2.979432
2.978469
2.977487
2.976503
2.975506
2.974487
2.973469
2.972421
2.971373
2.970308
2.969231
2.968140
2.967040
2.965916
2.964792
2.963647
2.962497
2.961320
2.960140
2.958949
2.957738
2.956511
2.955278
2.954034
2.952778
2.951495
2.950212
2.948906
2.947596
2.946270
2.944921
2.943566
2.942199
2.940824
2.939423
2.938013
2.936592
2.935149
2.933704
2.932244
2.930763
2.929271
2.927772
2.926250
2.924724
2.923174
2.921622
2.920052
2.918458
2.916864
2.915247
2.913621
2.911985
2.910327
2.908663
2.906964
2.905278
2.903569
2.901847
2.900115
2.898365
2.896598
2.894814
2.893019
2.891216
2.889405
2.887558
2.885717
2.883851
2.881984
2.880088
2.878181
2.876272
2.874343
2.872398
2.870437
2.868473
2.866491
2.864484
2.862482
2.860457
2.858414
2.856356
2.854292
2.852208
2.850118
2.848001
2.845893
2.843760
2.841606
2.839448
2.837272
2.835079
2.832880
2.830664
2.828434
2.826188
2.823938
2.821677
2.819395
2.817095
2.814779
2.812465
2.810136
2.807785
2.805419
2.803048
2.800665
2.798261
2.795847
2.793418
2.790981
2.788529
2.786058
2.783588
2.781097
2.778594
2.776078
2.773545
2.771007
2.768447
2.765888
2.763307
2.760718
2.758115
2.755494
2.752869
2.750228
2.747568
2.744912
2.742237
2.739547
2.736851
2.734128
2.731398
2.728665
2.725914
2.723147
2.720387
2.717596
2.714803
2.711998
2.709179
2.706346
2.703501
2.700647
2.697778
2.694903
2.692026
2.689120
2.686214
2.683289
2.680362
2.677427
2.674465
2.671505
2.668523
2.665539
2.662547
2.659537
2.656523
2.653496
2.650456
2.647418
2.644348
2.641280
2.638211
2.635118
2.632021
2.628917
2.625796
2.622669
2.619528
2.616381
2.613227
2.610063
2.606888
2.603702
2.600510
2.597315
2.594098
2.590878
2.587643
2.584409
2.581162
2.577906
2.574644
2.571368
2.568087
2.564798
2.561502
2.558191
2.554877
2.551556
2.548224
2.544884
2.541547
2.538190
2.534826
2.531457
2.528081
2.524698
2.521316
2.517910
2.514502
2.511091
2.507676
2.504241
2.500810
2.497365
2.493923
2.490470
2.487008
2.483542
2.480070
2.476594
2.473100
2.469615
2.466118
2.462610
2.459105
2.455594
2.452070
2.448540
2.445014
2.441477
2.437932
2.434386
2.430834
2.427271
2.423708
2.420142
2.416571
2.412992
2.409414
2.405823
2.402234
2.398639
2.395038
2.391435
2.387825
2.384216
2.380600
2.376981
2.373354
2.369732
2.366100
2.362465
2.358828
2.355186
2.351541
2.347899
2.344242
2.340588
2.336934
2.333276
2.329610
2.325952
2.322280
2.318616
2.314945
2.311267
2.307589
2.303910
2.300231
2.296545
2.292863
2.289173
2.285489
2.281799
2.278107
2.274411
2.270723
2.267029
2.263328
2.259630
2.255939
2.252235
2.248539
2.244833
2.241132
2.237425
2.233725
2.230019
2.226323
2.222615
2.218909
2.215205
2.211506
2.207800
2.204091
2.200387
2.196683
2.192982
2.189276
2.185575
2.181873
2.178174
2.174471
2.170773
2.167075
2.163374
2.159675
2.155983
2.152286
2.148594
2.144901
2.141209
2.137526
2.133836
2.130150
2.126466
2.122783
2.119104
2.115425
2.111745
2.108076
2.104403
2.100733
2.097063
2.093397
2.089731
2.086075
2.082417
2.078764
2.075111
2.071457
2.067808
2.064169
2.060525
2.056890
2.053252
2.049625
2.045994
2.042374
2.038749
2.035129
2.031511
2.027902
2.024296
2.020695
2.017092
2.013503
2.009903
2.006318
2.002728
1.999152
1.995575
1.992004
1.988433
1.984872
1.981308
1.977752
1.974208
1.970659
1.967116
1.963584
1.960049
1.956523
1.953000
1.949484
1.945968
1.942458
1.938956
1.935460
1.931967
1.928476
1.924999
1.921519
1.918047
1.914580
1.911122
1.907660
1.904213
1.900769
1.897335
1.893896
1.890465
1.887048
1.883635
1.880217
1.876813
1.873413
1.870027
1.866638
1.863257
1.859880
1.856511
1.853151
1.849795
1.846440
1.843097
1.839760
1.836428
1.833103
1.829783
1.826471
1.823164
1.819869
1.816578
1.813287
1.810012
1.806735
1.803469
1.800214
1.796955
1.793711
1.790468
1.787241
1.784014
1.780792
1.777583
1.774377
1.771179
1.767988
1.764806
1.761628
1.758462
1.755296
1.752145
1.748992
1.745854
1.742717
1.739593
1.736472
1.733362
1.730256
1.727160
1.724067
1.720990
1.717911
1.714842
1.711785
1.708729
1.705687
1.702648
1.699616
1.696597
1.693578
1.690572
1.687571
1.684580
1.681596
1.678616
1.675642
1.672690
1.669735
1.666788
1.663845
1.660918
1.657992
1.655077
1.652171
1.649269
1.646375
1.643496
1.640616
1.637748
1.634888
1.632033
1.629187
1.626352
1.623525
1.620697
1.617882
1.615080
1.612282
1.609492
1.606710
1.603937
1.601169
1.598413
1.595659
1.592921
1.590179
1.587455
1.584733
1.582021
1.579323
1.576631
1.573936
1.571260
1.568591
1.565929
1.563275
1.560626
1.557990
1.555359
1.552735
1.550118
1.547514
1.544914
1.542323
1.539739
1.537168
1.534599
1.532041
1.529489
1.526946
1.524415
1.521887
1.519364
1.516855
1.514351
1.511861
1.509369
1.506892
1.504418
1.501961
1.499501
1.497053
1.494614
1.492182
1.489762
1.487343
1.484935
1.482540
1.480145
1.477764
1.475385
1.473016
1.470658
1.468302
1.465959
1.463622
1.461294
1.458972
1.456658
1.454357
1.452053
1.449766
1.447480
1.445215
1.442945
1.440680
1.438425
1.436191
1.433953
1.431726
1.429504
1.427292
1.425087
1.422894
1.420700
1.418519
1.416348
1.414179
1.412024
1.409868
1.407723
1.405589
1.403461
1.401338
1.399224
1.397114
1.395019
1.392928
1.390845
1.388768
1.386699
1.384636
1.382588
1.380541
1.378499
1.376467
1.374445
1.372426
1.370419
1.368415
1.366415
1.364429
1.362450
1.360475
1.358509
1.356552
1.354601
1.352658
1.350720
1.348787
1.346866
1.344952
1.343042
1.341142
1.339247
1.337360
1.335482
1.333609
1.331741
1.329882
1.328032
1.326187
1.324347
1.322518
1.320691
1.318874
1.317066
1.315264
1.313465
1.311676
1.309890
1.308115
1.306342
1.304582
1.302828
1.301080
1.299341
1.297601
1.295873
1.294151
1.292434
1.290725
1.289026
1.287328
1.285644
1.283955
1.282280
1.280609
1.278951
1.277293
1.275641
1.274000
1.272360
1.270731
1.269106
1.267492
1.265881
1.264274
1.262678
1.261084
1.259496
1.257917
1.256343
1.254775
1.253218
1.251659
1.250111
1.248568
1.247032
1.245502
1.243979
1.242460
1.240950
1.239446
1.237942
1.236450
1.234964
1.233482
1.232007
1.230536
1.229073
1.227619
1.226165
1.224715
1.223276
1.221843
1.220419
1.218995
1.217575
1.216164
1.214758
1.213359
1.211970
1.210580
1.209191
1.207820
1.206448
1.205084
1.203723
1.202371
1.201025
1.199680
1.198341
1.197011
1.195683
1.194361
1.193047
1.191739
1.190434
1.189133
1.187843
1.186553
1.185271
1.183996
1.182720
1.181456
1.180195
1.178936
1.177686
1.176441
1.175198
1.173966
1.172736
1.171504
1.170282
1.169072
1.167861
1.166659
1.165457
1.164263
1.163073
1.161891
1.160712
1.159537
1.158372
1.157205
1.156052
1.154899
1.153746
1.152606
1.151466
1.150330
1.149200
1.148079
1.146954
1.145844
1.144736
1.143631
1.142533
1.141438
1.140345
1.139258
1.138178
1.137104
1.136031
1.134963
1.133902
1.132847
1.131790
1.130741
1.129699
1.128660
1.127627
1.126595
1.125574
1.124551
1.123532
1.122522
1.121515
1.120508
1.119512
1.118517
1.117526
1.116543
1.115561
1.114584
1.113612
1.112643
1.111681
1.110723
1.109768
1.108818
1.107871
1.106929
1.105991
1.105057
1.104135
1.103204
1.102284
1.101368
1.100452
1.099546
1.098641
1.097742
1.096844
1.095952
1.095067
1.094182
1.093304
1.092426
1.091556
1.090690
1.089824
1.088963
1.088108
1.087255
1.086408
1.085566
1.084725
1.083887
1.083059
1.082228
1.081399
1.080581
1.079764
1.078952
1.078143
1.077335
1.076536
1.075737
1.074949
1.074156
1.073368
1.072585
1.071803
1.071034
1.070258
1.069491
1.068728
1.067965
1.067209
1.066454
1.065707
1.064962
1.064220
1.063480
1.062743
1.062014
1.061281
1.060559
1.059838
1.059121
1.058408
1.057694
1.056990
1.056284
1.055584
1.054887
1.054193
1.053504
1.052814
1.052133
1.051455
1.050780
1.050104
1.049436
1.048766
1.048106
1.047446
1.046791
1.046136
1.045488
1.044837
1.044196
1.043555
1.042917
1.042283
1.041655
1.041026
1.040402
1.039784
1.039166
1.038550
1.037939
1.037332
1.036723
1.036124
1.035530
1.034931
1.034334
1.033745
1.033159
1.032580
1.031997
1.031422
1.030845
1.030276
1.029710
1.029141
1.028581
1.028020
1.027468
1.026915
1.026361
1.025813
1.025274
1.024728
1.024191
1.023654
1.023120
1.022592
1.022069
1.021543
1.021019
1.020505
1.019989
1.019474
1.018969
1.018456
1.017956
1.017450
1.016958
1.016461
1.015969
1.015477
1.014990
1.014511
1.014026
1.013549
1.013073
1.012600
1.012126
1.011660
1.011193
1.010731
1.010269
1.009813
1.009358
1.008905
1.008456
1.008012
1.007565
1.007123
1.006686
1.006250
1.005818
1.005387
1.004957
1.004531
1.004108
1.003686
1.003268
1.002852
1.002441
1.002032
1.001624
1.001218
1.000815
1.000416
1.000015
0.999622
0.999229
0.998841
0.998450
0.998066
0.997679
0.997299
0.996924
0.996546
0.996177
0.995802
0.995432
0.995072
0.994705
0.994346
0.993984
0.993628
0.993275
0.992923
0.992574
0.992230
0.991883
0.991540
0.991197
0.990860
0.990526
0.990195
0.989863
0.989536
0.989209
0.988887
0.988564
0.988248
0.987924
0.987615
0.987300
0.986989
0.986680
0.986376
0.986073
0.985772
0.985474
0.985174
0.984879
0.984587
0.984296
0.984011
0.983723
0.983439
0.983156
0.982879
0.982599
0.982323
0.982050
0.981780
0.981511
0.981245
0.980982
0.980718
0.980456
0.980198
0.979946
0.979687
0.979437
0.979185
0.978939
0.978700
0.978453
0.978208
0.977971
0.977730
0.977498
0.977262
0.977032
0.976801
0.976570
0.976351
0.976124
0.975903
0.975682
0.975466
0.975248
0.975038
0.974824
0.974615
0.974407
0.974202
0.974004
0.973794
0.973593
0.973401
0.973207
0.973012
0.972820
0.972631
0.972436
0.972252
0.972063
0.971885
0.971701
0.971526
0.971346
0.971170
0.970997
0.970825
0.970657
0.970490
0.970323
0.970159
0.970001
0.969840
0.969679
0.969523
0.969368
0.969215
0.969062
0.968908
0.968765
0.968621
0.968482
0.968337
0.968194
0.968057
0.967922
0.967786
0.967653
0.967521
0.967388
0.967260
0.967131
0.967007
0.966889
0.966767
0.966641
0.966526
0.966416
0.966304
0.966189
0.966077
0.965965
0.965856
0.965754
0.965647
0.965546
0.965445
0.965345
0.965246
0.965153
0.965060
0.964966
0.964880
0.964787
0.964698
0.964616
0.964530
0.964450
0.964364
0.964286
0.964210
0.964136
0.964059
0.963984
0.963917
0.963844
0.963780
0.963713
0.963650
0.963588
0.963524
0.963462
0.963404
0.963349
0.963292
0.963242
0.963186
0.963137
0.963088
0.963040
0.962994
0.962951
0.962906
0.962865
0.962829
0.962789
0.962748
0.962714
0.962681
0.962651
0.962623
0.962592
0.962563
0.962537
0.962515
0.962492
0.962471
0.962447
0.962431
0.962412
0.962402
0.962384
0.962371
0.962359
0.962348
0.962336
0.962336
0.962330
0.962326
0.962320
0.962320
0.962319
0.962321
0.962328
0.962331
0.962336
0.962343
0.962355
0.962365
0.962378
0.962391
0.962406
0.962421
0.962439
0.962460
0.962478
0.962502
0.962523
0.962552
0.962571
0.962597
0.962628
0.962653
0.962688
0.962723
0.962759
0.962793
0.962828
0.962869
0.962902
0.962945
0.962983
0.963031
0.963077
0.963118
0.963171
0.963219
0.963265
0.963324
0.963376
0.963427
0.963482
0.963537
0.963600
0.963654
0.963718
0.963776
0.963836
0.963908
0.963971
0.964041
0.964108
0.964180
0.964251
0.964322
0.964397
0.964471
0.964550
0.964628
0.964705
0.964780
0.964863
0.964943
0.965027
0.965113
0.965200
0.965281
0.965376
0.965469
0.965558
0.965647
0.965747
0.965838
0.965935
0.966031
0.966133
0.966226
0.966326
0.966431
0.966534
0.966633
0.966746
0.966852
0.966962
0.967070
0.967179
0.967293
0.967409
0.967520
0.967636
0.967752
0.967870
0.967984
0.968107
0.968229
0.968350
0.968479
0.968605
0.968726
0.968856
0.968981
0.969113
0.969240
0.969375
0.969510
0.969643
0.969779
0.969917
0.970046
0.970198
0.970325
0.970470
0.970616
0.970758
0.970900
0.971048
0.971195
0.971341
0.971494
0.971640
0.971792
0.971948
0.972100
0.972254
0.972410
0.972569
0.972721
0.972886
0.973044
0.973204
0.973366
0.973529
0.973695
0.973864
0.974029
0.974195
0.974367
0.974538
0.974705
0.974879
0.975053
0.975231
0.975402
0.975585
0.975759
0.975937
0.976119
0.976302
0.976480
0.976661
0.976851
0.977035
0.977220
0.977401
0.977598
0.977781
0.977975
0.978169
0.978361
0.978551
0.978747
0.978940
0.979138
0.979339
0.979535
0.979732
0.979936
0.980140
0.980339
0.980547
0.980754
0.980956
0.981166
0.981376
0.981585
0.981796
0.982001
0.982214
0.982423
0.982644
0.982859
0.983081
0.983297
0.983513
0.983732
0.983948
0.984174
0.984399
0.984618
0.984844
0.985072
0.985295
0.985520
0.985746
0.985980
0.986210
0.986439
0.986675
0.986905
0.987138
0.987375
0.987617
0.987850
0.988098
0.988328
0.988572
0.988814
0.989056
0.989303
0.989540
0.989786
0.990031
0.990281
0.990528
0.990778
0.991034
0.991282
0.991539
0.991792
0.992042
0.992295
0.992549
0.992806
0.993064
0.993325
0.993584
0.993845
0.994102
0.994366
0.994631
0.994896
0.995165
0.995428
0.995697
0.995968
0.996236
0.996506
0.996780
0.997053
0.997323
0.997593
0.997869
0.998141
0.998425
0.998698
0.998980
0.999258
0.999541
0.999820
1.000104
1.000387
1.000674
1.000959
1.001242
1.001530
1.001818
1.002110
1.002402
1.002691
1.002975
1.003274
1.003563
1.003858
1.004149
1.004453
1.004752
1.005050
1.005346
1.005641
1.005948
1.006246
1.006546
1.006855
1.007155
1.007461
1.007772
1.008078
1.008389
1.008695
1.009004
1.009318
1.009629
1.009941
1.010252
1.010563
1.010883
1.011195
1.011518
1.011833
1.012149
1.012474
1.012789
1.013112
1.013435
1.013767
1.014089
1.014411
1.014740
1.015065
1.015388
1.015719
1.016046
1.016381
1.016712
1.017042
1.017376
1.017711
1.018048
1.018378
1.018716
1.019056
1.019398
1.019735
1.020077
1.020420
1.020764
1.021104
1.021447
1.021792
1.022136
1.022478
1.022834
1.023185
1.023529
1.023885
1.024229
1.024583
1.024935
1.025289
1.025641
1.026001
1.026356
1.026711
1.027067
1.027427
1.027791
1.028145
1.028507
1.028862
1.029231
1.029597
1.029965
1.030326
1.030697
1.031060
1.031427
1.031797
1.032171
1.032536
1.032919
1.033289
1.033659
1.034034
1.034404
1.034785
1.035165
1.035538
1.035917
1.036294
1.036672
1.037057
1.037436
1.037823
1.038210
1.038589
1.038979
1.039364
1.039756
1.040137
1.040527
1.040916
1.041308
1.041702
1.042089
1.042482
1.042877
1.043278
1.043668
1.044067
1.044463
1.044863
1.045262
1.045664
1.046065
1.046464
1.046871
1.047272
1.047676
1.048080
1.048486
1.048895
1.049298
1.049711
1.050119
1.050530
1.050938
1.051357
1.051766
1.052182
1.052595
1.053011
1.053424
1.053837
1.054260
1.054676
1.055093
1.055514
1.055939
1.056357
1.056785
1.057205
1.057632
1.058059
1.058484
1.058913
1.059339
1.059771
1.060197
1.060632
1.061056
1.061491
1.061925
1.062363
1.062796
1.063233
1.063668
1.064102
1.064541
1.064984
1.065421
1.065862
1.066301
1.066748
1.067183
1.067634
1.068077
1.068526
1.068969
1.069414
1.069866
1.070314
1.070764
1.071219
1.071667
1.072124
1.072570
1.073024
1.073483
1.073936
1.074392
1.074845
1.075312
1.075768
1.076227
1.076684
1.077148
1.077613
1.078078
1.078545
1.079005
1.079469
1.079933
1.080402
1.080868
1.081337
1.081811
1.082284
1.082756
1.083230
1.083698
1.084177
1.084650
1.085122
1.085599
1.086080
1.086554
1.087033
1.087514
1.087995
1.088471
1.088954
1.089441
1.089921
1.090411
1.090893
1.091378
1.091868
1.092358
1.092849
1.093332
1.093822
1.094308
1.094805
1.095293
1.095793
1.096287
1.096783
1.097283
1.097778
1.098270
1.098768
1.099267
1.099773
1.100272
1.100783
1.101275
1.101779
1.102283
1.102789
1.103291
1.103802
1.104310
1.104814
1.105327
1.105838
1.106346
1.106854
1.107369
1.107882
1.108402
1.108916
1.109427
1.109944
1.110461
1.110979
1.111497
1.112016
1.112539
1.113062
1.113578
1.114101
1.114618
1.115144
1.115676
1.116201
1.116725
1.117257
1.117786
1.118311
1.118839
1.119370
1.119904
1.120435
1.120962
1.121500
1.122026
1.122569
1.123105
1.123650
1.124181
1.124720
1.125252
1.125799
1.126336
1.126890
1.127426
1.127970
1.128502
1.129054
1.129602
1.130138
1.130684
1.131238
1.131785
1.132338
1.132886
1.133443
1.133989
1.134540
1.135097
1.135649
1.136206
1.136755
1.137308
1.137878
1.138424
1.138982
1.139544
1.140104
1.140662
1.141230
1.141790
1.142355
1.142925
1.143474
1.144040
1.144607
1.145173
1.145736
1.146308
1.146869
1.147440
1.148015
1.148580
1.149158
1.149725
1.150300
1.150874
1.151444
1.152028
1.152601
1.153177
1.153745
1.154331
1.154903
1.155487
1.156061
1.156642
1.157230
1.157814
1.158393
1.158977
1.159560
1.160143
1.160731
1.161322
1.161907
1.162492
1.163080
1.163669
1.164267
1.164852
1.165453
1.166042
1.166635
1.167220
1.167813
1.168415
1.169008
1.169604
1.170188
1.170791
1.171400
1.171997
1.172601
1.173192
1.173790
1.174398
1.175006
1.175607
1.176200
1.176806
1.177411
1.178016
1.178621
1.179235
1.179831
1.180441
1.181050
1.181661
1.182276
1.182883
1.183500
1.184113
1.184729
1.185331
1.185945
1.186560
1.187171
1.187790
1.188409
1.189024
1.189636
1.190252
1.190872
1.191487
1.192113
1.192737
1.193366
1.193985
1.194608
1.195229
1.195849
1.196472
1.197095
1.197721
1.198348
1.198974
1.199599
1.200225
1.200856
1.201480
1.202113
1.202745
1.203373
1.204003
1.204644
1.205278
1.205904
1.206538
1.207171
1.207814
1.208437
1.209081
1.209711
1.210360
1.210987
1.211627
1.212267
1.212910
1.213543
1.214191
1.214835
1.215468
1.216110
1.216760
1.217398
1.218039
1.218683
1.219328
1.219974
1.220619
1.221258
1.221906
1.222563
1.223205
1.223844
1.224503
1.225152
1.225802
1.226450
1.227099
1.227748
1.228406
1.229059
1.229711
1.230363
1.231015
1.231669
1.232328
1.232977
1.233632
1.234278
1.234937
1.235605
1.236261
1.236917
1.237572
1.238235
1.238893
1.239557
1.240209
1.240867
1.241529
1.242203
1.242855
1.243521
1.244178
1.244837
1.245501
1.246171
1.246838
1.247503
1.248168
1.248826
1.249495
1.250156
1.250829
1.251502
1.252174
1.252841
1.253504
1.254170
1.254837
1.255502
1.256169
1.256844
1.257511
1.258186
1.258861
1.259533
1.260209
1.260880
1.261550
1.262231
1.262900
1.263576
1.264250
1.264923
1.265597
1.266274
1.266951
1.267613
1.268293
1.268981
1.269652
1.270327
1.271007
1.271690
1.272366
1.273051
1.273724
1.274414
1.275090
1.275766
1.276446
1.277119
1.277799
1.278480
1.279163
1.279849
1.280526
1.281219
1.281896
1.282585
1.283274
1.283949
1.284632
1.285314
1.286001
1.286691
1.287374
1.288055
1.288740
1.289430
1.290111
1.290804
1.291486
1.292172
1.292864
1.293551
1.294237
1.294922
1.295616
1.296299
1.296997
1.297685
1.298372
1.299053
1.299745
1.300432
1.301118
1.301813
1.302507
1.303196
1.303880
1.304579
1.305270
1.305961
1.306654
1.307340
1.308029
1.308734
1.309418
1.310115
1.310806
1.311500
1.312194
1.312882
1.313575
1.314264
1.314964
1.315663
1.316347
1.317042
1.317740
1.318434
1.319130
1.319827
1.320521
1.321220
1.321906
1.322606
1.323305
1.323993
1.324683
1.325383
1.326076
1.326777
1.327476
1.328171
1.328862
1.329560
1.330262
1.330950
1.331652
1.332344
1.333048
1.333747
1.334443
1.335137
1.335826
1.336527
1.337234
1.337928
1.338622
1.339324
1.340030
1.340726
1.341420
1.342114
1.342813
1.343509
1.344211
1.344905
1.345611
1.346303
1.347007
1.347706
1.348403
1.349092
1.349791
1.350495
1.351191
1.351898
1.352590
1.353289
1.353994
1.354690
1.355387
1.356091
1.356782
1.357489
1.358177
1.358881
1.359573
1.360274
1.360976
1.361683
1.362378
1.363075
1.363775
1.364479
1.365170
1.365869
1.366570
1.367277
1.367961
1.368666
1.369368
1.370070
1.370766
1.371458
1.372155
1.372858
1.373561
1.374255
1.374960
1.375665
1.376360
1.377055
1.377753
1.378450
1.379147
1.379847
1.380551
1.381243
1.381937
1.382639
1.383338
1.384037
1.384730
1.385435
1.386127
1.386832
1.387529
1.388222
1.388919
1.389621
1.390319
1.391014
1.391717
1.392407
1.393100
1.393799
1.394500
1.395197
1.395896
1.396586
1.397279
1.397978
1.398679
1.399375
1.400068
1.400760
1.401457
1.402157
1.402849
1.403541
1.404239
1.404939
1.405637
1.406341
1.407020
1.407716
1.408417
1.409111
1.409810
1.410500
1.411191
1.411888
1.412583
1.413269
1.413966
1.414660
1.415355
1.416051
1.416738
1.417437
1.418132
1.418825
1.419516
1.420205
1.420908
1.421585
1.422280
1.422973
1.423671
1.424363
1.425052
1.425750
1.426436
1.427121
1.427820
1.428510
1.429202
1.429893
1.430584
1.431275
1.431959
1.432654
1.433339
1.434021
1.434717
1.435404
1.436099
1.436786
1.437476
1.438168
1.438855
1.439535
1.440225
1.440926
1.441610
1.442297
1.442983
1.443661
1.444350
1.445032
1.445726
1.446408
1.447098
1.447778
1.448460
1.449162
1.449843
1.450532
1.451208
1.451898
1.452572
1.453256
1.453939
1.454622
1.455314
1.455994
1.456683
1.457369
1.458046
1.458723
1.459413
1.460091
1.460775
1.461455
1.462132
1.462820
1.463499
1.464174
1.464857
1.465539
1.466221
1.466899
1.467571
1.468262
1.468943
1.469616
1.470299
1.470974
1.471657
1.472331
1.473008
1.473682
1.474368
1.475045
1.475727
1.476399
1.477075
1.477747
1.478423
1.479104
1.479784
1.480457
1.481126
1.481807
1.482475
1.483148
1.483829
1.484497
1.485178
1.485849
1.486528
1.487197
1.487868
1.488541
1.489209
1.489886
1.490549
1.491226
1.491891
1.492564
1.493233
1.493913
1.494586
1.495257
1.495928
1.496592
1.497266
1.497931
1.498610
1.499280
1.499935
1.500605
1.501273
1.501943
1.502609
1.503268
1.503944
1.504607
1.505278
1.505942
1.506603
1.507269
1.507940
1.508613
1.509276
1.509940
1.510599
1.511264
1.511929
1.512594
1.513255
1.513912
1.514593
1.515244
1.515909
1.516575
1.517231
1.517895
1.518563
1.519224
1.519883
1.520545
1.521202
1.521859
1.522526
1.523187
1.523844
1.524506
1.525164
1.525820
1.526479
1.527138
1.527798
1.528455
1.529114
1.529770
1.530420
1.531079
1.531731
1.532390
1.533044
1.533711
1.534361
1.535017
1.535673
1.536329
1.536986
1.537634
1.538283
1.538935
1.539591
1.540249
1.540898
1.541549
1.542205
1.542849
1.543502
1.544159
1.544810
1.545460
1.546109
1.546754
1.547412
1.548060
1.548711
1.549358
1.550009
1.550661
1.551302
1.551955
1.552603
1.553246
1.553896
1.554542
1.555198
1.555844
1.556491
1.557130
1.557773
1.558421
1.559068
1.559713
1.560352
1.561004
1.561653
1.562293
1.562939
1.563577
1.564223
1.564872
1.565499
1.566155
1.566794
1.567443
1.568074
1.568722
1.569364
1.569998
1.570642
1.571280
1.571928
1.572565
1.573212
1.573847
1.574484
1.575121
1.575767
1.576404
1.577046
1.577677
1.578311
1.578959
1.579598
1.580223
1.580863
1.581502
1.582147
1.582781
1.583410
1.584049
1.584684
1.585321
1.585954
1.586583
1.587221
1.587862
1.588501
1.589131
1.589762
1.590394
1.591023
1.591657
1.592287
1.592923
1.593558
1.594193
1.594822
1.595443
1.596089
1.596720
1.597345
1.597964
1.598602
1.599233
1.599863
1.600493
1.601125
1.601755
1.602383
1.603007
1.603643
1.604275
1.604896
1.605520
1.606149
1.606777
1.607401
1.608035
1.608657
1.609288
1.609913
1.610533
1.611162
1.611787
1.612409
1.613034
1.613665
1.614282
1.614910
1.615530
1.616153
1.616781
1.617408
1.618024
1.618649
1.619270
1.619894
1.620517
1.621147
1.621762
1.622386
1.623008
1.623631
1.624242
1.624864
1.625481
1.626107
1.626728
1.627350
1.627962
1.628585
1.629209
1.629821
1.630452
1.631063
1.631678
1.632297
1.632918
1.633535
1.634156
1.634768
1.635378
1.636004
1.636625
1.637243
1.637850
1.638464
1.639078
1.639691
1.640310
1.640936
1.641549
1.642160
1.642769
1.643376
1.643993
1.644613
1.645220
1.645838
1.646450
1.647066
1.647681
1.648294
1.648905
1.649516
1.650130
1.650736
1.651352
1.651959
1.652574
1.653177
1.653791
1.654403
1.655006
1.655627
1.656236
1.656849
1.657455
1.658063
1.658668
1.659268
1.659883
1.660500
1.661103
1.661711
1.662322
1.662928
1.663541
1.664146
1.664752
1.665359
1.665970
1.666576
1.667179
1.667786
1.668388
1.668991
1.669608
1.670207
1.670819
1.671422
1.672023
1.672626
1.673230
1.673836
1.674440
1.675045
1.675647
1.676255
1.676862
1.677458
1.678060
1.678663
1.679265
1.679865
1.680474
1.681077
1.681676
1.682283
1.682882
1.683485
1.684086
1.684691
1.685288
1.685884
1.686486
1.687084
1.687683
1.688279
1.688881
1.689481
1.690082
1.690681
1.691284
1.691888
1.692479
1.693072
1.693674
1.694279
1.694875
1.695470
1.696065
1.696667
1.697258
1.697863
1.698455
1.699055
1.699654
1.700251
1.700844
1.701438
1.702040
1.702630
1.703230
1.703821
1.704418
1.705013
1.705614
1.706210
1.706803
1.707398
1.707994
1.708587
1.709182
1.709767
1.710364
1.710959
1.711559
1.712151
1.712738
1.713331
1.713917
1.714516
1.715106
1.715701
1.716294
1.716884
1.717470
1.718067
1.718664
1.719257
1.719846
1.720435
1.721027
1.721615
1.722206
1.722797
1.723391
1.723977
1.724561
1.725149
1.725742
1.726338
1.726922
1.727505
1.728103
1.728695
1.729282
1.729872
1.730457
1.731053
1.731636
1.732216
1.732811
1.733397
1.733980
1.734567
1.735156
1.735744
1.736324
1.736918
1.737508
1.738088
1.738679
1.739263
1.739850
1.740439
1.741026
1.741607
1.742193
1.742779
1.743363
1.743954
1.744535
1.745113
1.745695
1.746283
1.746872
1.747450
1.748033
1.748616
1.749205
1.749787
1.750369
1.750957
1.751540
1.752119
1.752702
1.753286
1.753865
1.754447
1.755031
1.755605
1.756197
1.756767
1.757357
1.757935
1.758524
1.759098
1.759682
1.760261
1.760844
1.761420
1.761997
1.762579
1.763162
1.763739
1.764323
1.764900
1.765486
1.766060
1.766641
1.767213
1.767801
1.768378
1.768953
1.769530
1.770105
1.770688
1.771268
1.771843
1.772426
1.773007
1.773578
1.774157
1.774731
1.775310
1.775886
1.776465
1.777035
1.777613
1.778186
1.778764
1.779343
1.779915
1.780490
1.781059
1.781636
1.782215
1.782797
1.783363
1.783945
1.784514
1.785089
1.785669
1.786237
1.786811
1.787385
1.787963
1.788534
1.789100
1.789674
1.790247
1.790817
1.791393
1.791965
1.792533
1.793103
1.793677
1.794252
1.794827
1.795401
1.795974
1.796544
1.797109
1.797680
1.798249
1.798823
1.799397
1.799959
1.800536
1.801100
1.801668
1.802242
1.802804
1.803380
1.803946
1.804515
1.805085
1.805646
1.806217
1.806789
1.807357
1.807922
1.808487
1.809051
1.809627
1.810185
1.810758
1.811320
1.811887
1.812454
1.813024
1.813588
1.814153
1.814717
1.815275
1.815845
1.816416
1.816976
1.817539
1.818097
1.818668
1.819231
1.819791
1.820361
1.820922
1.821481
1.822045
1.822606
1.823173
1.823731
1.824296
1.824857
1.825414
1.825985
1.826544
1.827100
1.827664
1.828219
1.828783
1.829343
1.829903
1.830461
1.831022
1.831578
1.832139
1.832696
1.833264
1.833813
1.834369
1.834931
1.835485
1.836047
1.836600
1.837160
1.837716
1.838268
1.838823
1.839382
1.839937
1.840496
1.841048
1.841601
1.842158
1.842722
1.843266
1.843821
1.844375
1.844926
1.845480
1.846037
1.846591
1.847138
1.847687
1.848235
1.848792
1.849341
1.849896
1.850440
1.850993
1.851546
1.852096
1.852642
1.853197
1.853743
1.854292
1.854835
1.855391
1.855926
1.856481
1.857024
1.857575
1.858119
1.858667
1.859216
1.859760
1.860302
1.860842
1.861388
1.861926
1.862481
1.863024
1.863564
1.864109
1.864644
1.865199
1.865732
1.866277
1.866817
1.867358
1.867900
1.868437
1.868976
1.869515
1.870058
1.870593
1.871132
1.871670
1.872210
1.872745
1.873285
1.873820
1.874349
1.874893
1.875428
1.875960
1.876492
1.877029
1.877565
1.878097
1.878626
1.879159
1.879689
1.880221
1.880750
1.881283
1.881815
1.882345
1.882873
1.883398
1.883927
1.884455
1.884984
1.885515
1.886038
1.886562
1.887085
1.887612
1.888139
1.888664
1.889186
1.889708
1.890233
1.890760
1.891277
1.891799
1.892320
1.892838
1.893358
1.893879
1.894395
1.894918
1.895432
1.895949
1.896463
1.896978
1.897498
1.898013
1.898524
1.899034
1.899548
1.900061
1.900581
1.901085
1.901600
1.902109
1.902612
1.903129
1.903630
1.904147
1.904653
1.905159
1.905662
1.906169
1.906672
1.907171
1.907681
1.908179
1.908689
1.909189
1.909690
1.910182
1.910692
1.911188
1.911681
1.912185
1.912687
1.913175
1.913678
1.914168
1.914661
1.915151
1.915648
1.916140
1.916634
1.917125
1.917617
1.918102
1.918589
1.919076
1.919563
1.920054
1.920536
1.921014
1.921510
1.921991
1.922475
1.922951
1.923431
1.923913
1.924391
1.924870
1.925345
1.925819
1.926296
1.926775
1.927244
1.927721
1.928189
1.928664
1.929131
1.929604
1.930071
1.930547
1.931009
1.931479
1.931942
1.932398
1.932866
1.933330
1.933789
1.934250
1.934715
1.935170
1.935628
1.936085
1.936540
1.936999
1.937449
1.937899
1.938353
1.938807
1.939260
1.939701
1.940153
1.940601
1.941047
1.941488
1.941935
1.942375
1.942810
1.943253
1.943700
1.944134
1.944567
1.945006
1.945444
1.945873
1.946314
1.946742
1.947167
1.947600
1.948028
1.948453
1.948877
1.949301
1.949733
1.950148
1.950572
1.950996
1.951416
1.951831
1.952238
1.952663
1.953075
1.953489
1.953896
1.954303
1.954712
1.955129
1.955529
1.955935
1.956342
1.956740
1.957144
1.957538
1.957938
1.958331
1.958728
1.959121
1.959521
1.959908
1.960296
1.960682
1.961074
1.961460
1.961845
1.962227
1.962612
1.962991
1.963369
1.963747
1.964118
1.964490
1.964868
1.965242
1.965615
1.965982
1.966344
1.966710
1.967070
1.967429
1.967792
1.968151
1.968512
1.968862
1.969219
1.969573
1.969925
1.970271
1.970619
1.970967
1.971312
1.971653
1.971993
1.972334
1.972673
1.973001
1.973336
1.973675
1.974003
1.974335
1.974667
1.974990
1.975311
1.975639
1.975951
1.976274
1.976590
1.976911
1.977224
1.977530
1.977845
1.978151
1.978455
1.978758
1.979063
1.979364
1.979661
1.979962
1.980252
1.980549
1.980838
1.981124
1.981411
1.981701
1.981982
1.982263
1.982540
1.982819
1.983103
1.983369
1.983638
1.983912
1.984177
1.984444
1.984714
1.984974
1.985224
1.985491
1.985738
1.985996
1.986240
1.986491
1.986739
1.986982
1.987224
1.987466
1.987701
1.987947
1.988172
1.988406
1.988637
1.988859
1.989089
1.989309
1.989533
1.989748
1.989964
1.990176
1.990393
1.990604
1.990807
1.991008
1.991219
1.991423
1.991617
1.991810
1.992006
1.992193
1.992380
1.992571
1.992750
1.992937
1.993107
1.993285
1.993462
1.993637
1.993809
1.993973
1.994130
1.994296
1.994452
1.994610
1.994768
1.994920
1.995063
1.995210
1.995364
1.995502
1.995645
1.995776
1.995913
1.996045
1.996172
1.996303
1.996421
1.996543
1.996665
1.996779
1.996891
1.997000
1.997113
1.997215
1.997319
1.997420
1.997514
1.997610
1.997704
1.997790
1.997874
1.997962
1.998042
1.998118
1.998202
1.998273
1.998340
1.998406
1.998472
1.998535
1.998593
1.998650
1.998701
1.998755
1.998803
1.998844
1.998890
1.998929
1.998959
1.998995
1.999024
1.999046
1.999076
1.999098
1.999118
1.999132
1.999147
1.999158
1.999166
1.999170
1.999170
1.999169
1.999160
1.999152
1.999140
1.999130
1.999111
1.999093
1.999064
1.999041
1.999016
1.998980
1.998940
1.998908
1.998863
1.998816
1.998773
1.998725
1.998670
1.998607
1.998560
1.998491
1.998421
1.998357
1.998284
1.998209
1.998129
1.998048
1.997960
1.997870
1.997788
1.997684
1.997592
1.997488
1.997385
1.997276
1.997168
1.997052
1.996938
1.996811
1.996693
1.996562
1.996429
1.996296
1.996168
1.996024
1.995879
1.995737
1.995580
1.995428
1.995273
1.995118
1.994953
1.994787
1.994617
1.994443
1.994267
1.994088
1.993907
1.993720
1.993528
1.993334
1.993139
1.992938
1.992737
1.992526
1.992319
1.992108
1.991891
1.991664
1.991447
1.991220
1.990988
1.990752
1.990515
1.990278
1.990033
1.989784
1.989533
1.989281
1.989020
1.988763
1.988493
1.988222
1.987955
1.987676
1.987402
1.987119
1.986836
1.986547
1.986253
1.985956
1.985654
1.985354
1.985049
1.984737
1.984428
1.984110
1.983793
1.983460
1.983135
1.982806
1.982467
1.982134
1.981791
1.981449
1.981096
1.980748
1.980391
1.980036
1.979666
1.979306
1.978932
1.978562
1.978187
1.977808
1.977419
1.977040
1.976646
1.976247
1.975851
1.975450
1.975040
1.974637
1.974222
1.973808
1.973390
1.972968
1.972541
1.972107
1.971680
1.971240
1.970798
1.970359
1.969907
1.969457
1.969002
1.968541
1.968089
1.967625
1.967154
1.966675
1.966204
1.965719
1.965239
1.964753
1.964264
1.963773
1.963279
1.962775
1.962270
1.961759
1.961248
1.960738
1.960215
1.959697
1.959176
1.958641
1.958112
1.957574
1.957040
1.956493
1.955949
1.955397
1.954848
1.954284
1.953725
1.953162
1.952595
1.952024
1.951451
1.950873
1.950287
1.949699
1.949120
1.948521
1.947931
1.947328
1.946732
1.946126
1.945514
1.944906
1.944284
1.943667
1.943045
1.942418
1.941792
1.941157
1.940518
1.939878
1.939242
1.938585
1.937942
1.937286
1.936630
1.935966
1.935304
1.934636
1.933965
1.933290
1.932616
1.931937
1.931253
1.930558
1.929871
1.929177
1.928482
1.927782
1.927074
1.926368
1.925657
1.924942
1.924227
1.923502
1.922784
1.922053
1.921316
1.920584
1.919849
1.919107
1.918361
1.917622
1.916865
1.916118
1.915356
1.914601
1.913836
1.913067
1.912299
1.911521
1.910745
1.909974
1.909187
1.908404
1.907615
1.906823
1.906023
1.905232
1.904425
1.903620
1.902817
1.902011
1.901188
1.900374
1.899553
1.898733
1.897905
1.897074
1.896246
1.895410
1.894569
1.893736
1.892885
1.892039
1.891189
1.890333
1.889479
1.888618
1.887749
1.886892
1.886021
1.885148
1.884275
1.883402
1.882521
1.881634
1.880750
1.879861
1.878971
1.878074
1.877177
1.876278
1.875375
1.874468
1.873564
1.872646
1.871733
1.870812
1.869892
1.868971
1.868045
1.867118
1.866190
1.865251
1.864314
1.863378
1.862438
1.861492
1.860544
1.859594
1.858635
1.857682
1.856731
1.855762
1.854802
1.853836
1.852865
1.851901
1.850925
1.849949
1.848968
1.847989
1.847008
1.846020
1.845031
1.844042
1.843041
1.842051
1.841048
1.840051
1.839043
1.838037
1.837029
1.836017
1.835006
1.833992
1.832971
1.831951
1.830926
1.829900
1.828872
1.827840
1.826810
1.825777
1.824742
1.823701
1.822660
1.821612
1.820566
1.819517
1.818466
1.817410
1.816361
1.815301
1.814243
1.813184
1.812124
1.811050
1.809985
1.808916
1.807839
1.806765
1.805689
1.804614
1.803532
1.802451
1.801368
1.800279
1.799192
1.798104
1.797012
1.795910
1.794813
1.793719
1.792621
1.791514
1.790411
1.789305
1.788198
1.787085
1.785977
1.784862
1.783746
1.782628
1.781509
1.780389
1.779268
1.778139
1.777014
1.775885
1.774760
1.773622
1.772493
1.771364
1.770220
1.769085
1.767942
1.766801
1.765662
1.764519
1.763372
1.762220
1.761068
1.759923
1.758772
1.757621
1.756461
1.755305
1.754138
1.752989
1.751826
1.750655
1.749495
1.748327
1.747161
1.745992
1.744821
1.743652
1.742477
1.741304
1.740128
1.738950
1.737771
1.736592
1.735408
1.734222
1.733041
1.731862
1.730674
1.729487
1.728299
1.727113
1.725917
1.724725
1.723534
1.722339
1.721141
1.719947
1.718748
1.717548
1.716349
1.715145
1.713948
1.712745
1.711537
1.710330
1.709128
1.707917
1.706709
1.705504
1.704290
1.703076
1.701867
1.700653
1.699439
1.698225
1.697005
1.695793
1.694571
1.693350
1.692130
1.690914
1.689690
1.688470
1.687247
1.686027
1.684801
1.683573
1.682350
1.681123
1.679897
1.678665
1.677438
1.676208
1.674976
1.673750
1.672520
1.671285
1.670051
1.668817
1.667589
1.666350
1.665118
1.663879
1.662643
1.661407
1.660167
1.658931
1.657694
1.656455
1.655217
1.653974
1.652737
1.651497
1.650253
1.649011
1.647770
1.646528
1.645287
1.644045
1.642799
1.641555
1.640311
1.639066
1.637823
1.636576
1.635335
1.634087
1.632837
1.631593
1.630344
1.629101
1.627857
1.626608
1.625362
1.624111
1.622866
1.621621
1.620367
1.619123
1.617872
1.616622
1.615373
1.614127
1.612878
1.611628
1.610377
1.609129
1.607879
1.606633
1.605382
1.604137
1.602889
1.601632
1.600381
1.599134
1.597890
1.596637
1.595391
1.594139
1.592888
1.591642
1.590393
1.589142
1.587898
1.586647
1.585399
1.584148
1.582903
1.581654
1.580406
1.579159
1.577910
1.576665
1.575418
1.574172
1.572928
1.571679
1.570433
1.569190
1.567942
1.566696
1.565452
1.564206
1.562962
1.561719
1.560477
1.559232
1.557990
1.556748
1.555507
1.554264
1.553021
1.551783
1.550540
1.549302
1.548057
1.546818
1.545581
1.544341
1.543104
1.541862
1.540632
1.539396
1.538158
1.536921
1.535685
1.534453
1.533217
1.531987
1.530747
1.529519
1.528287
1.527052
1.525825
1.524595
1.523364
1.522136
1.520905
1.519678
1.518454
1.517226
1.516003
1.514775
1.513552
1.512327
1.511105
1.509886
1.508660
1.507432
1.506222
1.504998
1.503780
1.502562
1.501341
1.500126
1.498908
1.497696
1.496483
1.495268
1.494055
1.492843
1.491633
1.490421
1.489206
1.488002
1.486792
1.485587
1.484382
1.483176
1.481968
1.480763
1.479560
1.478361
1.477159
1.475959
1.474753
1.473562
1.472360
1.471166
1.469972
1.468775
1.467576
1.466386
1.465193
1.464002
1.462812
1.461623
1.460431
1.459250
1.458062
1.456876
1.455692
1.454508
1.453319
1.452141
1.450964
1.449781
1.448603
1.447428
1.446252
1.445078
1.443904
1.442727
1.441557
1.440385
1.439212
1.438045
1.436882
1.435712
1.434546
1.433382
1.432218
1.431056
1.429896
1.428738
1.427579
1.426418
1.425264
1.424104
1.422952
1.421801
1.420649
1.419497
1.418342
1.417198
1.416055
1.414901
1.413761
1.412614
1.411474
1.410330
1.409192
1.408054
1.406913
1.405772
1.404648
1.403508
1.402377
1.401240
1.400113
1.398983
1.397858
1.396733
1.395601
1.394478
1.393352
1.392234
1.391110
1.389992
1.388883
1.387758
1.386646
1.385526
1.384413
1.383303
1.382195
1.381084
1.379978
1.378865
1.377767
1.376662
1.375559
1.374457
1.373358
1.372264
1.371165
1.370072
1.368973
1.367884
1.366790
1.365699
1.364609
1.363523
1.362437
1.361351
1.360268
1.359185
1.358102
1.357024
1.355950
1.354872
1.353791
1.352719
1.351650
1.350579
1.349507
1.348439
1.347373
1.346309
1.345245
1.344181
1.343120
1.342064
1.341000
1.339944
1.338888
1.337836
1.336778
1.335729
1.334680
1.333631
1.332581
1.331536
1.330495
1.329456
1.328409
1.327368
1.326332
1.325295
1.324260
1.323222
1.322195
1.321159
1.320136
1.319104
1.318075
1.317055
1.316026
1.315007
1.313984
1.312963
1.311945
1.310933
1.309912
1.308895
1.307891
1.306879
1.305867
1.304865
1.303859
1.302850
1.301846
1.300845
1.299846
1.298845
1.297853
1.296856
1.295859
1.294867
1.293879
1.292883
1.291896
1.290911
1.289928
1.288943
1.287963
1.286980
1.286003
1.285024
1.284044
1.283071
1.282098
1.281128
1.280162
1.279190
1.278223
1.277259
1.276294
1.275328
1.274372
1.273413
1.272456
1.271493
1.270544
1.269587
1.268636
1.267682
1.266734
1.265789
1.264846
1.263898
1.262958
1.262012
1.261077
1.260139
1.259201
1.258264
1.257334
1.256402
1.255470
1.254539
1.253617
1.252685
1.251765
1.250839
1.249923
1.248998
1.248084
1.247163
1.246250
1.245339
1.244429
1.243509
1.242604
1.241696
1.240789
1.239892
1.238984
1.238081
1.237185
1.236287
1.235390
1.234497
1.233599
1.232709
1.231817
1.230931
1.230040
1.229155
1.228273
1.227389
1.226507
1.225628
1.224752
1.223872
1.222997
1.222122
1.221254
1.220383
1.219512
1.218645
1.217780
1.216917
1.216055
1.215189
1.214331
1.213477
1.212620
1.211763
1.210910
1.210055
1.209209
1.208359
1.207510
1.206663
1.205820
1.204977
1.204133
1.203295
1.202457
1.201621
1.200785
1.199947
1.199122
1.198286
1.197460
1.196631
1.195806
1.194980
1.194159
1.193334
1.192517
1.191698
1.190885
1.190063
1.189251
1.188440
1.187629
1.186821
1.186015
1.185208
1.184398
1.183597
1.182793
1.181993
1.181198
1.180397
1.179603
1.178810
1.178017
1.177227
1.176438
1.175647
1.174863
1.174079
1.173293
1.172509
1.171728
1.170948
1.170175
1.169397
1.168622
1.167851
1.167076
1.166306
1.165542
1.164773
1.164002
1.163242
1.162478
1.161717
1.160961
1.160202
1.159446
1.158689
1.157938
1.157180
1.156430
1.155683
1.154934
1.154193
1.153445
1.152699
1.151959
1.151219
1.150479
1.149739
1.149007
1.148269
1.147535
1.146807
1.146079
1.145349
1.144621
1.143894
1.143172
1.142449
1.141729
1.141007
1.140292
1.139568
1.138856
1.138144
1.137433
1.136721
1.136010
1.135300
1.134595
1.133887
1.133188
1.132486
1.131782
1.131086
1.130386
1.129690
1.128995
1.128298
1.127609
1.126918
1.126230
1.125544
1.124853
1.124168
1.123484
1.122799
1.122124
1.121441
1.120765
1.120090
1.119414
1.118740
1.118065
1.117396
1.116728
1.116059
1.115391
1.114727
1.114063
1.113404
1.112740
1.112080
1.111426
1.110763
1.110108
1.109455
1.108802
1.108153
1.107503
1.106859
1.106209
1.105564
1.104920
1.104276
1.103635
1.102994
1.102357
1.101718
1.101081
1.100448
1.099816
1.099182
1.098554
1.097925
1.097296
1.096673
1.096049
1.095424
1.094801
1.094180
1.093561
1.092943
1.092327
1.091714
1.091099
1.090488
1.089875
1.089267
1.088658
1.088048
1.087443
1.086841
1.086238
1.085638
1.085035
1.084437
1.083838
1.083242
1.082650
1.082053
1.081461
1.080872
1.080280
1.079694
1.079105
1.078522
1.077934
1.077352
1.076771
1.076196
1.075615
1.075034
1.074458
1.073887
1.073311
1.072738
1.072170
1.071598
1.071030
1.070461
1.069898
1.069336
1.068769
1.068208
1.067651
1.067088
1.066528
1.065978
1.065421
1.064864
1.064313
1.063764
1.063214
1.062664
1.062116
1.061569
1.061025
1.060483
1.059938
1.059394
1.058856
1.058319
1.057780
1.057248
1.056712
1.056178
1.055647
1.055115
1.054585
1.054056
1.053534
1.053003
1.052483
1.051957
1.051433
1.050914
1.050394
1.049877
1.049359
1.048845
1.048328
1.047817
1.047302
1.046794
1.046286
1.045778
1.045268
1.044762
1.044260
1.043756
1.043256
1.042752
1.042256
1.041754
1.041259
1.040759
1.040269
1.039775
1.039278
1.038789
1.038300
1.037815
1.037325
1.036840
1.036354
1.035870
1.035385
1.034908
1.034429
1.033947
1.033470
1.032993
1.032521
1.032046
1.031577
1.031100
1.030632
1.030163
1.029695
1.029231
1.028762
1.028298
1.027835
1.027375
1.026914
1.026452
1.025989
1.025535
1.025079
1.024626
1.024170
1.023720
1.023268
1.022818
1.022372
1.021919
1.021472
1.021029
1.020584
1.020141
1.019699
1.019258
1.018819
1.018381
1.017944
1.017508
1.017077
1.016637
1.016208
1.015775
1.015342
1.014912
1.014487
1.014058
1.013633
1.013210
1.012785
1.012365
1.011943
1.011524
1.011099
1.010686
1.010272
1.009854
1.009440
1.009025
1.008616
1.008203
1.007789
1.007383
1.006976
1.006571
1.006166
1.005755
1.005358
1.004956
1.004559
1.004157
1.003758
1.003358
1.002965
1.002568
1.002173
1.001780
1.001383
1.000997
1.000607
1.000217
0.999831
0.999441
0.999060
0.998674
0.998292
0.997909
0.997528
0.997148
0.996769
0.996391
0.996015
0.995641
0.995268
0.994895
0.994521
0.994146
0.993776
0.993409
0.993042
0.992676
0.992311
0.991943
0.991582
0.991220
0.990859
0.990496
0.990136
0.989779
0.989419
0.989065
0.988712
0.988357
0.988004
0.987652
0.987297
0.986951
0.986604
0.986251
0.985907
0.985561
0.985216
0.984874
0.984531
0.984191
0.983851
0.983508
0.983171
0.982838
0.982499
0.982162
0.981829
0.981497
0.981164
0.980829
0.980501
0.980172
0.979850
0.979518
0.979193
0.978869
0.978543
0.978221
0.977903
0.977582
0.977259
0.976940
0.976618
0.976307
0.975994
0.975674
0.975364
0.975049
0.974736
0.974429
0.974119
0.973811
0.973501
0.973192
0.972890
0.972590
0.972281
0.971979
0.971681
0.971377
0.971076
0.970778
0.970481
0.970183
0.969889
0.969596
0.969302
0.969011
0.968719
0.968426
0.968139
0.967848
0.967561
0.967277
0.966991
0.966709
0.966419
0.966138
0.965857
0.965578
0.965296
0.965019
0.964736
0.964462
0.964189
0.963915
0.963640
0.963366
0.963094
0.962820
0.962550
0.962283
0.962014
0.961748
0.961485
0.961215
0.960956
0.960689
0.960424
0.960164
0.959906
0.959644
0.959385
0.959127
0.958867
0.958615
0.958360
0.958109
0.957854
0.957604
0.957352
0.957102
0.956853
0.956604
0.956357
0.956113
0.955863
0.955620
0.955381
0.955135
0.954893
0.954657
0.954412
0.954176
0.953936
0.953700
0.953466
0.953227
0.952997
0.952758
0.952529
0.952297
0.952070
0.951834
0.951609
0.951380
0.951151
0.950932
0.950701
0.950478
0.950252
0.950032
0.949817
0.949590
0.949372
0.949154
0.948938
0.948720
0.948506
0.948291
0.948076
0.947862
0.947651
0.947438
0.947232
0.947017
0.946814
0.946601
0.946396
0.946191
0.945986
0.945782
0.945582
0.945378
0.945175
0.944979
0.944775
0.944575
0.944380
0.944183
0.943986
0.943790
0.943597
0.943404
0.943206
0.943020
0.942829
0.942637
0.942450
0.942262
0.942073
0.941887
0.941702
0.941521
0.941336
0.941152
0.940969
0.940785
0.940610
0.940429
0.940248
0.940070
0.939897
0.939720
0.939546
0.939370
0.939201
0.939025
0.938856
0.938685
0.938513
0.938348
0.938179
0.938011
0.937843
0.937679
0.937509
0.937349
0.937189
0.937024
0.936867
0.936705
0.936546
0.936386
0.936229
0.936069
0.935917
0.935757
0.935605
0.935451
0.935298
0.935144
0.934995
0.934845
0.934693
0.934545
0.934398
0.934252
0.934106
0.933961
0.933815
0.933675
0.933532
0.933390
0.933248
0.933109
0.932969
0.932835
0.932697
0.932557
0.932425
0.932286
0.932152
0.932014
0.931885
0.931759
0.931622
0.931493
0.931364
0.931232
0.931109
0.930984
0.930856
0.930727
0.930604
0.930482
0.930359
0.930234
0.930118
0.929991
0.929875
0.929757
0.929642
0.929527
0.929407
0.929290
0.929180
0.929065
0.928950
0.928836
0.928725
0.928616
0.928506
0.928400
0.928289
0.928184
0.928078
0.927969
0.927866
0.927762
0.927659
0.927553
0.927454
0.927355
0.927253
0.927151
0.927057
0.926960
0.926859
0.926764
0.926668
0.926576
0.926480
0.926391
0.926300
0.926206
0.926117
0.926023
0.925937
0.925848
0.925756
0.925675
0.925586
0.925502
0.925418
0.925336
0.925255
0.925171
0.925091
0.925013
0.924930
0.924854
0.924773
0.924697
0.924618
0.924546
0.924470
0.924393
0.924321
0.924250
0.924179
0.924105
0.924039
0.923972
0.923899
0.923834
0.923764
0.923697
0.923633
0.923568
0.923503
0.923442
0.923377
0.923315
0.923252
0.923195
0.923134
0.923076
0.923020
0.922961
0.922908
0.922850
0.922795
0.922744
0.922692
0.922638
0.922587
0.922536
0.922480
0.922430
0.922382
0.922333
0.922288
0.922243
0.922201
0.922155
0.922105
0.922063
0.922025
0.921979
0.921938
0.921896
0.921859
0.921820
0.921778
0.921742
0.921708
0.921667
0.921633
0.921601
0.921568
0.921532
0.921500
0.921470
0.921441
0.921408
0.921377
0.921350
0.921322
0.921293
0.921269
0.921245
0.921221
0.921192
0.921169
0.921149
0.921127
0.921106
0.921085
0.921063
0.921046
0.921028
0.921010
0.920995
0.920979
0.920964
0.920946
0.920934
0.920921
0.920909
0.920897
0.920885
0.920875
0.920866
0.920854
0.920852
0.920843
0.920835
0.920824
0.920825
0.920819
0.920819
0.920807
0.920809
0.920809
0.920809
0.920807
0.920807
0.920808
0.920809
0.920810
0.920816
0.920824
0.920823
0.920831
0.920838
0.920843
0.920848
0.920859
0.920867
0.920877
0.920891
0.920901
0.920910
0.920919
0.920936
0.920948
0.920967
0.920980
0.920996
0.921017
0.921037
0.921051
0.921068
0.921089
0.921108
0.921128
0.921147
0.921171
0.921193
0.921218
0.921245
0.921269
0.921291
0.921317
0.921348
0.921379
0.921399
0.921432
0.921462
0.921493
0.921526
0.921559
0.921591
0.921625
0.921657
0.921692
0.921727
0.921765
0.921798
0.921835
0.921877
0.921914
0.921957
0.921995
0.922036
0.922078
0.922112
0.922163
0.922205
0.922249
0.922292
0.922338
0.922385
0.922434
0.922480
0.922526
0.922576
0.922623
0.922676
0.922725
0.922778
0.922829
0.922882
0.922936
0.922985
0.923043
0.923101
0.923158
0.923212
0.923268
0.923327
0.923383
0.923445
0.923504
0.923571
0.923630
0.923693
0.923758
0.923821
0.923882
0.923945
0.924014
0.924077
0.924145
0.924212
0.924281
0.924349
0.924414
0.924493
0.924557
0.924631
0.924703
0.924774
0.924847
0.924922
0.924994
0.925071
0.925145
0.925223
0.925297
0.925377
0.925457
0.925531
0.925616
0.925691
0.925772
0.925863
0.925939
0.926017
0.926099
0.926187
0.926274
0.926355
0.926447
0.926530
0.926616
0.926708
0.926792
0.926879
0.926974
0.927065
0.927153
0.927241
0.927336
0.927432
0.927523
0.927620
0.927713
0.927808
0.927902
0.927997
0.928098
0.928193
0.928295
0.928390
0.928488
0.928593
0.928689
0.928791
0.928893
0.928995
0.929100
0.929200
0.929307
0.929408
0.929519
0.929629
0.929732
0.929844
0.929948
0.930054
0.930163
0.930277
0.930389
0.930500
0.930605
0.930718
0.930831
0.930950
0.931063
0.931173
0.931291
0.931404
0.931520
0.931639
0.931758
0.931880
0.931996
0.932115
0.932236
0.932351
0.932475
0.932594
0.932720
0.932840
0.932963
0.933087
0.933219
0.933337
0.933464
0.933596
0.933720
0.933847
0.933975
0.934100
0.934233
0.934361
0.934490
0.934618
0.934750
0.934883
0.935016
0.935157
0.935289
0.935422
0.935550
0.935692
0.935827
0.935966
0.936101
0.936239
0.936374
0.936513
0.936655
0.936796
0.936931
0.937077
0.937215
0.937360
0.937503
0.937649
0.937789
0.937937
0.938079
0.938226
0.938369
0.938519
0.938663
0.938815
0.938961
0.939108
0.939258
0.939412
0.939560
0.939713
0.939867
0.940013
0.940168
0.940327
0.940471
0.940626
0.940781
0.940938
0.941091
0.941250
0.941407
0.941567
0.941722
0.941876
0.942039
0.942200
0.942361
0.942518
0.942678
0.942843
0.943007
0.943174
0.943334
0.943496
0.943659
0.943825
0.943986
0.944153
0.944320
0.944488
0.944656
0.944824
0.944989
0.945159
0.945333
0.945496
0.945668
0.945840
0.946011
0.946183
0.946352
0.946528
0.946701
0.946878
0.947051
0.947225
0.947404
0.947577
0.947751
0.947937
0.948113
0.948285
0.948463
0.948643
0.948827
0.949004
0.949182
0.949366
0.949545
0.949729
0.949911
0.950096
0.950276
0.950466
0.950649
0.950830
0.951016
0.951197
0.951385
0.951574
0.951759
0.951947
0.952138
0.952325
0.952510
0.952705
0.952898
0.953081
0.953278
0.953468
0.953659
0.953849
0.954047
0.954238
0.954431
0.954628
0.954824
0.955010
0.955212
0.955411
0.955602
0.955801
0.955998
0.956195
0.956396
0.956597
0.956797
0.956991
0.957194
0.957392
0.957596
0.957797
0.957999
0.958203
0.958404
0.958612
0.958811
0.959018
0.959226
0.959429
0.959635
0.959837
0.960045
0.960252
0.960460
0.960670
0.960875
0.961089
0.961291
0.961501
0.961714
0.961925
0.962134
0.962349
0.962554
0.962772
0.962981
0.963198
0.963407
0.963622
0.963837
0.964058
0.964268
0.964482
0.964703
0.964916
0.965137
0.965347
0.965568
0.965786
0.966003
0.966223
0.966441
0.966664
0.966883
0.967101
0.967326
0.967542
0.967769
0.967986
0.968212
0.968435
0.968660
0.968881
0.969106
0.969324
0.969551
0.969781
0.970008
0.970234
0.970460
0.970683
0.970916
0.971141
0.971371
0.971598
0.971831
0.972057
0.972287
0.972512
0.972745
0.972975
0.973211
0.973442
0.973674
0.973906
0.974136
0.974368
0.974606
0.974835
0.975073
0.975307
0.975547
0.975775
0.976012
0.976246
0.976482
0.976722
0.976964
0.977201
0.977434
0.977676
0.977911
0.978152
0.978393
0.978632
0.978869
0.979112
0.979351
0.979589
0.979834
0.980081
0.980322
0.980560
0.980803
0.981050
0.981292
0.981536
0.981780
0.982026
0.982268
0.982519
0.982762
0.983009
0.983256
0.983501
0.983748
0.983998
0.984245
0.984492
0.984742
0.984991
0.985237
0.985492
0.985736
0.985989
0.986242
0.986491
0.986742
0.986997
0.987244
0.987497
0.987752
0.988007
0.988258
0.988509
0.988766
0.989014
0.989271
0.989528
0.989785
0.990042
0.990298
0.990554
0.990801
0.991069
0.991328
0.991581
0.991835
0.992093
0.992351
0.992611
0.992872
0.993131
0.993389
0.993649
0.993909
0.994173
0.994431
0.994690
0.994949
0.995219
0.995475
0.995742
0.996003
0.996270
0.996533
0.996796
0.997057
0.997320
0.997586
0.997852
0.998115
0.998380
0.998648
0.998914
0.999178
0.999445
0.999709
0.999979
1.000245
1.000509
1.000779
1.001050
1.001322
1.001586
1.001858
1.002123
1.002395
1.002665
1.002934
1.003205
1.003475
1.003748
1.004021
1.004289
1.004562
1.004832
1.005108
1.005382
1.005652
1.005926
1.006200
1.006474
1.006747
1.007021
1.007293
1.007568
1.007845
1.008125
1.008392
1.008673
1.008950
1.009226
1.009500
1.009775
1.010052
1.010333
1.010610
1.010891
1.011167
1.011442
1.011724
1.012004
1.012281
1.012561
1.012837
1.013119
1.013400
1.013679
1.013962
1.014244
1.014530
1.014801
1.015087
1.015370
1.015647
1.015932
1.016211
1.016500
1.016781
1.017066
1.017347
1.017634
1.017918
1.018201
1.018486
1.018773
1.019054
1.019341
1.019623
1.019911
1.020197
1.020491
1.020771
1.021057
1.021347
1.021631
1.021919
1.022201
1.022492
1.022781
1.023063
1.023355
1.023645
1.023935
1.024223
1.024511
1.024802
1.025084
1.025379
1.025670
1.025963
1.026249
1.026541
1.026834
1.027125
1.027417
1.027709
1.028006
1.028296
1.028583
1.028879
1.029169
1.029465
1.029753
1.030049
1.030343
1.030634
1.030932
1.031227
1.031518
1.031812
1.032105
1.032394
1.032694
1.032992
1.033283
1.033582
1.033882
1.034179
1.034469
1.034765
1.035065
1.035357
1.035661
1.035956
1.036256
1.036552
1.036849
1.037146
1.037445
1.037741
1.038041
1.038336
1.038639
1.038938
1.039240
1.039534
1.039832
1.040136
1.040437
1.040734
1.041040
1.041337
1.041636
1.041937
1.042238
1.042541
1.042844
1.043142
1.043441
1.043746
1.044051
1.044351
1.044660
1.044963
1.045255
1.045561
1.045870
1.046165
1.046473
1.046776
1.047075
1.047384
1.047687
1.047997
1.048299
1.048607
1.048908
1.049214
1.049516
1.049822
1.050130
1.050434
1.050737
1.051044
1.051348
1.051657
1.051967
1.052271
1.052581
1.052887
1.053190
1.053503
1.053808
1.054117
1.054424
1.054728
1.055037
1.055344
1.055655
1.055964
1.056271
1.056586
1.056892
1.057200
1.057507
1.057819
1.058129
1.058434
1.058750
1.059057
1.059364
1.059677
1.059992
1.060295
1.060611
1.060921
1.061229
1.061541
1.061854
1.062165
1.062480
1.062788
1.063096
1.063410
1.063724
1.064033
1.064348
1.064663
1.064972
1.065290
1.065597
1.065912
1.066229
1.066536
1.066855
1.067166
1.067474
1.067792
1.068113
1.068420
1.068735
1.069052
1.069365
1.069679
1.069993
1.070306
1.070627
1.070945
1.071256
1.071571
1.071882
1.072204
1.072516
1.072832
1.073146
1.073465
1.073780
1.074095
1.074414
1.074727
1.075046
1.075369
1.075681
1.075997
1.076317
1.076636
1.076956
1.077269
1.077589
1.077905
1.078219
1.078540
1.078854
1.079178
1.079495
1.079814
1.080136
1.080449
1.080768
1.081097
1.081415
1.081730
1.082049
1.082368
1.082690
1.083007
1.083323
1.083646
1.083967
1.084291
1.084604
1.084924
1.085249
1.085567
1.085888
1.086207
1.086532
1.086852
1.087168
1.087490
1.087815
1.088139
1.088465
1.088776
1.089106
1.089429
1.089749
1.090064
1.090391
1.090708
1.091035
1.091360
1.091678
1.091995
1.092326
1.092646
1.092969
1.093295
1.093618
1.093941
1.094262
1.094579
1.094909
1.095233
1.095559
1.095883
1.096208
1.096527
1.096852
1.097173
1.097499
1.097830
1.098153
1.098473
1.098801
1.099131
1.099444
1.099775
1.100098
1.100431
1.100752
1.101074
1.101400
1.101720
1.102046
1.102380
1.102703
1.103034
1.103354
1.103679
1.104003
1.104327
1.104660
1.104988
1.105314
1.105635
1.105958
1.106290
1.106622
1.106948
1.107272
1.107597
1.107924
1.108250
1.108577
1.108908
1.109233
1.109565
1.109885
1.110213
1.110542
1.110874
1.111200
1.111525
1.111855
1.112190
1.112517
1.112838
1.113170
1.113494
1.113833
1.114157
1.114486
1.114809
1.115140
1.115466
1.115800
1.116134
1.116459
1.116780
1.117108
1.117440
1.117772
1.118104
1.118433
1.118760
1.119088
1.119423
1.119754
1.120080
1.120410
1.120744
1.121072
1.121404
1.121732
1.122063
1.122390
1.122719
1.123053
1.123384
1.123715
1.124042
1.124369
1.124702
1.125038
1.125369
1.125700
1.126029
1.126362
1.126693
1.127034
1.127357
1.127686
1.128018
1.128347
1.128675
1.129014
1.129344
1.129675
1.130008
1.130336
1.130672
1.131001
1.131333
1.131669
1.131995
1.132329
1.132664
1.133003
1.133320
1.133665
1.133995
1.134329
1.134656
1.134989
1.135322
1.135653
1.135990
1.136323
1.136652
1.136984
1.137319
1.137652
1.137980
1.138327
1.138647
1.138979
1.139319
1.139647
1.139986
1.140315
1.140651
1.140990
1.141324
1.141654
1.141989
1.142322
1.142651
1.142986
1.143316
1.143656
1.143993
1.144326
1.144657
1.144995
1.145322
1.145659
1.145994
1.146324
1.146664
1.146995
1.147326
1.147664
1.148002
1.148335
1.148671
1.149005
1.149337
1.149672
1.149998
1.150338
1.150676
1.151010
1.151339
1.151680
1.152010
1.152350
1.152682
1.153016
1.153359
1.153692
1.154019
1.154356
1.154684
1.155027
1.155364
1.155699
1.156040
1.156370
1.156707
1.157037
1.157377
1.157709
1.158047
1.158377
1.158718
1.159046
1.159386
1.159722
1.160062
1.160402
1.160730
1.161069
1.161401
1.161738
1.162072
1.162403
1.162751
1.163083
1.163414
1.163753
1.164089
1.164423
1.164760
1.165088
1.165434
1.165768
1.166096
1.166433
1.166776
1.167114
1.167454
1.167784
1.168119
1.168455
1.168786
1.169124
1.169461
1.169795
1.170134
1.170468
1.170804
1.171140
1.171478
1.171815
1.172146
1.172488
1.172820
1.173156
1.173497
1.173830
1.174168
1.174500
1.174843
1.175174
1.175519
1.175842
1.176177
1.176520
1.176855
1.177192
1.177528
1.177867
1.178200
1.178535
1.178874
1.179210
1.179541
1.179882
1.180216
1.180559
1.180885
1.181219
1.181561
1.181897
1.182235
1.182564
1.182906
1.183241
1.183576
1.183912
1.184248
1.184585
1.184920
1.185254
1.185591
1.185931
1.186266
1.186597
1.186933
1.187270
1.187606
1.187943
1.188280
1.188612
1.188953
1.189285
1.189627
1.189958
1.190289
1.190630
1.190962
1.191293
1.191632
1.191969
1.192307
1.192639
1.192977
1.193316
1.193644
1.193986
1.194321
1.194651
1.194989
1.195323
1.195656
1.195994
1.196328
1.196661
1.196992
1.197331
1.197662
1.198000
1.198339
1.198670
1.199005
1.199346
1.199672
1.200015
1.200348
1.200686
1.201019
1.201349
1.201674
1.202016
1.202349
1.202684
1.203016
1.203355
1.203688
1.204023
1.204350
1.204685
1.205024
1.205353
1.205686
1.206019
1.206352
1.206684
1.207020
1.207348
1.207692
1.208021
1.208349
1.208687
1.209019
1.209356
1.209692
1.210014
1.210351
1.210681
1.211015
1.211348
1.211681
1.212005
1.212343
1.212681
1.213015
1.213346
1.213673
1.214003
1.214332
1.214668
1.214999
1.215328
1.215662
1.215993
1.216322
1.216657
1.216985
1.217315
1.217651
1.217981
1.218310
1.218643
1.218969
1.219298
1.219633
1.219960
1.220293
1.220616
1.220950
1.221279
1.221603
1.221937
1.222270
1.222596
1.222922
1.223252
1.223580
1.223908
1.224236
1.224566
1.224897
1.225225
1.225554
1.225879
1.226209
1.226538
1.226863
1.227191
1.227517
1.227850
1.228169
1.228502
1.228829
1.229150
1.229472
1.229808
1.230130
1.230460
1.230780
1.231109
1.231431
1.231757
1.232086
1.232412
1.232735
1.233062
1.233384
1.233702
1.234034
1.234359
1.234679
1.235004
1.235326
1.235651
1.235975
1.236297
1.236624
1.236943
1.237266
1.237589
1.237915
1.238230
1.238551
1.238878
1.239200
1.239518
1.239845
1.240163
1.240485
1.240803
1.241124
1.241442
1.241763
1.242085
1.242401
1.242723
1.243037
1.243362
1.243680
1.244003
1.244319
1.244635
1.244958
1.245276
1.245584
1.245906
1.246229
1.246546
1.246860
1.247171
1.247485
1.247804
1.248124
1.248434
1.248755
1.249066
1.249378
1.249695
1.250010
1.250324
1.250633
1.250953
1.251268
1.251578
1.251896
1.252207
1.252519
1.252828
1.253142
1.253449
1.253768
1.254079
1.254392
1.254698
1.255009
1.255320
1.255628
1.255944
1.256254
1.256555
1.256869
1.257178
1.257484
1.257791
1.258098
1.258401
1.258713
1.259025
1.259333
1.259634
1.259937
1.260250
1.260551
1.260859
1.261165
1.261471
1.261772
1.262072
1.262380
1.262679
1.262989
1.263284
1.263586
1.263893
1.264197
1.264492
1.264791
1.265097
1.265399
1.265697
1.265997
1.266295
1.266593
1.266892
1.267192
1.267492
1.267789
1.268086
1.268377
1.268678
1.268972
1.269274
1.269566
1.269861
1.270157
1.270452
1.270751
1.271039
1.271329
1.271627
1.271919
1.272207
1.272500
1.272792
1.273082
1.273370
1.273659
1.273955
1.274245
1.274534
1.274821
1.275107
1.275400
1.275691
1.275973
1.276260
1.276548
1.276835
1.277118
1.277406
1.277684
1.277972
1.278254
1.278542
1.278825
1.279108
1.279389
1.279663
1.279952
1.280227
1.280508
1.280790
1.281070
1.281347
1.281628
1.281903
1.282177
1.282461
1.282738
1.283016
1.283294
1.283566
1.283846
1.284115
1.284395
1.284665
1.284940
1.285211
1.285483
1.285748
1.286021
1.286294
1.286559
1.286829
1.287105
1.287371
1.287641
1.287913
1.288177
1.288439
1.288709
1.288977
1.289236
1.289502
1.289765
1.290034
1.290293
1.290559
1.290816
1.291076
1.291335
1.291600
1.291861
1.292118
1.292380
1.292633
1.292892
1.293149
1.293408
1.293666
1.293918
1.294182
1.294427
1.294681
1.294932
1.295185
1.295441
1.295688
1.295941
1.296190
1.296443
1.296691
1.296942
1.297189
1.297438
1.297683
1.297923
1.298172
1.298417
1.298658
1.298907
1.299143
1.299389
1.299627
1.299873
1.300112
1.300350
1.300590
1.300830
1.301072
1.301301
1.301545
1.301773
1.302012
1.302249
1.302480
1.302712
1.302947
1.303177
1.303411
1.303640
1.303867
1.304103
1.304332
1.304556
1.304780
1.305010
1.305239
1.305471
1.305682
1.305904
1.306129
1.306358
1.306576
1.306801
1.307022
1.307238
1.307460
1.307676
1.307893
1.308119
1.308331
1.308543
1.308757
1.308974
1.309186
1.309394
1.309607
1.309822
1.310030
1.310239
1.310449
1.310656
1.310859
1.311073
1.311273
1.311484
1.311678
1.311891
1.312090
1.312294
1.312494
1.312692
1.312900
1.313095
1.313291
1.313488
1.313685
1.313879
1.314076
1.314273
1.314465
1.314655
1.314846
1.315036
1.315229
1.315414
1.315604
1.315795
1.315989
1.316171
1.316351
1.316539
1.316719
1.316902
1.317082
1.317261
1.317441
1.317621
1.317799
1.317980
1.318155
1.318330
1.318512
1.318680
1.318854
1.319026
1.319195
1.319376
1.319541
1.319708
1.319875
1.320043
1.320213
1.320373
1.320538
1.320702
1.320867
1.321032
1.321190
1.321347
1.321506
1.321663
1.321819
1.321975
1.322129
1.322282
1.322444
1.322589
1.322743
1.322893
1.323047
1.323194
1.323344
1.323491
1.323633
1.323779
1.323922
1.324069
1.324210
1.324351
1.324483
1.324631
1.324764
1.324907
1.325040
1.325178
1.325313
1.325446
1.325580
1.325714
1.325846
1.325973
1.326102
1.326229
1.326361
1.326481
1.326605
1.326727
1.326849
1.326982
1.327099
1.327211
1.327333
1.327454
1.327574
1.327682
1.327797
1.327909
1.328024
1.328137
1.328241
1.328360
1.328458
1.328573
1.328674
1.328784
1.328890
1.328986
1.329095
1.329194
1.329294
1.329393
1.329489
1.329583
1.329682
1.329784
1.329877
1.329966
1.330063
1.330146
1.330244
1.330327
1.330412
1.330495
1.330577
1.330665
1.330752
1.330836
1.330923
1.330993
1.331075
1.331156
1.331234
1.331306
1.331376
1.331449
1.331521
1.331591
1.331665
1.331733
1.331796
1.331861
1.331933
1.331998
1.332061
1.332126
1.332186
1.332244
1.332306
1.332360
1.332410
1.332474
1.332523
1.332575
1.332633
1.332685
1.332729
1.332775
1.332826
1.332872
1.332919
1.332961
1.333004
1.333044
1.333088
1.333123
1.333158
1.333202
1.333239
1.333275
1.333306
1.333340
1.333366
1.333401
1.333427
1.333458
1.333482
1.333503
1.333531
1.333553
1.333576
1.333593
1.333617
1.333635
1.333653
1.333668
1.333683
1.333693
1.333709
1.333722
1.333725
1.333738
1.333747
1.333751
1.333758
1.333765
1.333764
1.333764
1.333766
1.333766
1.333760
1.333755
1.333753
1.333747
1.333739
1.333731
1.333724
1.333711
1.333702
1.333689
1.333675
1.333658
1.333640
1.333620
1.333599
1.333579
1.333560
1.333539
1.333517
1.333493
1.333465
1.333431
1.333406
1.333376
1.333343
1.333313
1.333280
1.333241
1.333202
1.333167
1.333125
1.333090
1.333043
1.333001
1.332959
1.332915
1.332868
1.332818
1.332772
1.332716
1.332667
1.332615
1.332565
1.332508
1.332454
1.332392
1.332334
1.332278
1.332218
1.332156
1.332088
1.332022
1.331954
1.331887
1.331823
1.331751
1.331675
1.331598
1.331529
1.331459
1.331380
1.331300
1.331220
1.331144
1.331060
1.330982
1.330895
1.330817
1.330723
1.330632
1.330545
1.330462
1.330366
1.330273
1.330175
1.330081
1.329988
1.329887
1.329783
1.329682
1.329585
1.329480
1.329374
1.329264
1.329161
1.329054
1.328945
1.328834
1.328723
1.328605
1.328490
1.328376
1.328260
1.328142
1.328021
1.327901
1.327776
1.327653
1.327531
1.327402
1.327281
1.327145
1.327019
1.326893
1.326757
1.326627
1.326493
1.326352
1.326213
1.326075
1.325944
1.325795
1.325658
1.325510
1.325365
1.325217
1.325075
1.324927
1.324777
1.324626
1.324472
1.324316
1.324165
1.324007
1.323844
1.323692
1.323535
1.323369
1.323207
1.323049
1.322876
1.322710
1.322542
1.322367
1.322204
1.322032
1.321863
1.321688
1.321511
1.321333
1.321160
1.320980
1.320800
1.320615
1.320435
1.320247
1.320067
1.319877
1.319691
1.319502
1.319315
1.319118
1.318926
1.318734
1.318537
1.318340
1.318144
1.317941
1.317743
1.317541
1.317342
1.317137
1.316933
1.316725
1.316519
1.316316
1.316098
1.315888
1.315676
1.315462
1.315250
1.315033
1.314817
1.314594
1.314374
1.314159
1.313932
1.313709
1.313485
1.313258
1.313034
1.312806
1.312579
1.312348
1.312111
1.311881
1.311645
1.311411
1.311173
1.310936
1.310700
1.310457
1.310217
1.309972
1.309729
1.309484
1.309238
1.308992
1.308743
1.308489
1.308239
1.307992
1.307737
1.307479
1.307230
1.306969
1.306711
1.306453
1.306190
1.305935
1.305663
1.305399
1.305135
1.304873
1.304614
1.304336
1.304069
1.303799
1.303529
1.303253
1.302977
1.302705
1.302433
1.302149
1.301870
1.301590
1.301309
1.301026
1.300742
1.300460
1.300180
1.299890
1.299601
1.299311
1.299023
1.298729
1.298436
1.298144
1.297849
1.297552
1.297260
1.296959
1.296658
1.296357
1.296057
1.295756
1.295451
1.295149
1.294842
1.294535
1.294226
1.293921
1.293605
1.293300
1.292988
1.292672
1.292359
1.292043
1.291733
1.291412
1.291085
1.290776
1.290452
1.290128
1.289801
1.289484
1.289159
1.288829
1.288506
1.288174
1.287844
1.287516
1.287187
1.286854
1.286516
1.286186
1.285850
1.285515
1.285176
1.284839
1.284498
1.284161
1.283817
1.283474
1.283126
1.282781
1.282443
1.282093
1.281745
1.281398
1.281045
1.280693
1.280347
1.279994
1.279642
1.279282
1.278931
1.278574
1.278218
1.277855
1.277499
1.277133
1.276774
1.276411
1.276050
1.275685
1.275318
1.274953
1.274583
1.274212
1.273851
1.273476
1.273109
1.272738
1.272358
1.271992
1.271618
1.271243
1.270866
1.270487
1.270106
1.269729
1.269349
1.268968
1.268586
1.268206
1.267815
1.267434
1.267048
1.266658
1.266272
1.265886
1.265497
1.265107
1.264717
1.264323
1.263928
1.263535
1.263142
1.262742
1.262349
1.261950
1.261556
1.261158
1.260753
1.260355
1.259956
1.259548
1.259144
1.258745
1.258339
1.257936
1.257529
1.257121
1.256711
1.256299
1.255897
1.255482
1.255072
1.254658
1.254245
1.253833
1.253416
1.253001
1.252586
1.252172
1.251753
1.251335
1.250914
1.250493
1.250074
1.249653
1.249230
1.248808
1.248384
1.247962
1.247535
1.247105
1.246680
1.246255
1.245826
1.245392
1.244967
1.244532
1.244103
1.243671
1.243237
1.242804
1.242373
1.241934
1.241497
1.241059
1.240628
1.240186
1.239752
1.239310
1.238873
1.238427
1.237986
1.237545
1.237104
1.236659
1.236214
1.235772
1.235321
1.234876
1.234431
1.233985
1.233533
1.233085
1.232635
1.232186
1.231732
1.231281
1.230834
1.230379
1.229928
1.229470
1.229016
1.228559
1.228101
1.227651
1.227190
1.226732
1.226272
1.225814
1.225358
1.224896
1.224437
1.223971
1.223511
1.223047
1.222582
1.222121
1.221659
1.221191
1.220727
1.220261
1.219791
1.219329
1.218862
1.218392
1.217922
1.217451
1.216982
1.216514
1.216039
1.215573
1.215095
1.214621
1.214150
1.213675
1.213202
1.212731
1.212251
1.211773
1.211303
1.210822
1.210347
1.209868
1.209389
1.208910
1.208429
1.207950
1.207470
1.206990
1.206509
1.206023
1.205543
1.205061
1.204578
1.204096
1.203608
1.203126
1.202642
1.202155
1.201666
1.201182
1.200692
1.200206
1.199717
1.199233
1.198743
1.198253
1.197762
1.197271
1.196783
1.196290
1.195800
1.195309
1.194818
1.194320
1.193831
1.193338
1.192841
1.192347
1.191855
1.191360
1.190866
1.190367
1.189870
1.189376
1.188877
1.188381
1.187884
1.187386
1.186886
1.186390
1.185890
1.185391
1.184892
1.184389
1.183892
1.183391
1.182890
1.182388
1.181884
1.181382
1.180881
1.180377
1.179876
1.179370
1.178867
1.178363
1.177859
1.177353
1.176850
1.176348
1.175840
1.175333
1.174824
1.174321
1.173813
1.173305
1.172800
1.172290
1.171784
1.171273
1.170764
1.170255
1.169751
1.169237
1.168731
1.168220
1.167714
1.167198
1.166691
1.166178
1.165663
1.165156
1.164646
1.164130
1.163619
1.163104
1.162593
1.162082
1.161571
1.161060
1.160541
1.160034
1.159518
1.159001
1.158489
1.157974
1.157459
1.156947
1.156431
1.155914
1.155398
1.154881
1.154367
1.153851
1.153335
1.152822
1.152303
1.151788
1.151271
1.150754
1.150239
1.149721
1.149200
1.148685
1.148166
1.147649
1.147133
1.146608
1.146094
1.145578
1.145057
1.144539
1.144019
1.143503
1.142983
1.142463
1.141941
1.141425
1.140904
1.140387
1.139867
1.139346
1.138824
1.138303
1.137785
1.137265
1.136744
1.136225
1.135705
1.135181
1.134663
1.134144
1.133623
1.133104
1.132584
1.132057
1.131537
1.131015
1.130496
1.129974
1.129454
1.128931
1.128407
1.127888
1.127365
1.126847
1.126323
1.125801
1.125278
1.124758
1.124237
1.123715
1.123191
1.122674
1.122150
1.121622
1.121103
1.120584
1.120059
1.119537
1.119016
1.118496
1.117973
1.117450
1.116929
1.116406
1.115886
1.115362
1.114837
1.114319
1.113797
1.113272
1.112749
1.112231
1.111708
1.111187
1.110663
1.110141
1.109619
1.109104
1.108573
1.108052
1.107535
1.107012
1.106491
1.105966
1.105444
1.104926
1.104404
1.103884
1.103364
1.102843
1.102319
1.101798
1.101280
1.100759
1.100236
1.099711
1.099191
1.098672
1.098152
1.097632
1.097110
1.096590
1.096069
1.095549
1.095028
1.094509
1.093988
1.093470
1.092953
1.092430
1.091910
1.091389
1.090870
1.090352
1.089833
1.089313
1.088792
1.088276
1.087759
1.087239
1.086722
1.086203
1.085685
1.085167
1.084648
1.084127
1.083615
1.083096
1.082580
1.082059
1.081544
1.081023
1.080507
1.079994
1.079472
