0.999987
0.999989
0.999987
0.999985
0.999986
0.999987
0.999987
0.999988
0.999986
0.999985
0.999986
0.999986
0.999987
0.999986
0.999985
0.999987
0.999985
0.999986
0.999983
0.999984
0.999984
0.999983
0.999984
0.999985
0.999985
0.999985
0.999985
0.999983
0.999986
0.999981
0.999981
0.999981
0.999981
0.999983
0.999983
0.999982
0.999982
0.999982
0.999981
0.999983
0.999980
0.999980
0.999981
0.999981
0.999981
0.999981
0.999980
0.999978
0.999981
0.999977
0.999976
0.999979
0.999979
0.999978
0.999977
0.999979
0.999977
0.999978
0.999977
0.999975
0.999977
0.999975
0.999975
0.999975
0.999976
0.999973
0.999975
0.999975
0.999975
0.999973
0.999973
0.999973
0.999975
0.999973
0.999971
0.999971
0.999972
0.999972
0.999971
0.999971
0.999971
0.999969
0.999969
0.999970
0.999967
0.999969
0.999969
0.999968
0.999967
0.999968
0.999967
0.999969
0.999966
0.999966
0.999967
0.999965
0.999963
0.999963
0.999964
0.999963
0.999962
0.999965
0.999962
0.999963
0.999963
0.999960
0.999961
0.999961
0.999960
0.999960
0.999958
0.999958
0.999958
0.999957
0.999957
0.999959
0.999956
0.999956
0.999956
0.999958
0.999954
0.999954
0.999954
0.999954
0.999955
0.999955
0.999952
0.999953
0.999951
0.999952
0.999952
0.999949
0.999947
0.999948
0.999949
0.999949
0.999949
0.999948
0.999947
0.999947
0.999946
0.999944
0.999943
0.999943
0.999943
0.999944
0.999944
0.999942
0.999942
0.999941
0.999941
0.999940
0.999938
0.999939
0.999938
0.999936
0.999936
0.999935
0.999936
0.999934
0.999935
0.999934
0.999934
0.999931
0.999933
0.999931
0.999931
0.999929
0.999930
0.999929
0.999927
0.999926
0.999927
0.999926
0.999927
0.999922
0.999924
0.999923
0.999922
0.999923
0.999921
0.999921
0.999919
0.999919
0.999917
0.999918
0.999915
0.999917
0.999916
0.999916
0.999915
0.999914
0.999913
0.999912
0.999911
0.999908
0.999909
0.999909
0.999908
0.999906
0.999907
0.999905
0.999906
0.999902
0.999902
0.999903
0.999901
0.999902
0.999900
0.999898
0.999898
0.999897
0.999898
0.999894
0.999894
0.999893
0.999894
0.999891
0.999891
0.999889
0.999889
0.999891
0.999887
0.999888
0.999887
0.999886
0.999886
0.999884
0.999881
0.999882
0.999880
0.999877
0.999878
0.999878
0.999876
0.999876
0.999874
0.999873
0.999872
0.999871
0.999870
0.999871
0.999868
0.999868
0.999865
0.999866
0.999865
0.999864
0.999863
0.999862
0.999859
0.999857
0.999858
0.999856
0.999856
0.999854
0.999852
0.999852
0.999852
0.999849
0.999849
0.999847
0.999848
0.999847
0.999843
0.999843
0.999841
0.999841
0.999840
0.999838
0.999837
0.999834
0.999834
0.999834
0.999832
0.999829
0.999829
0.999831
0.999828
0.999825
0.999824
0.999824
0.999823
0.999822
0.999820
0.999819
0.999817
0.999815
0.999815
0.999815
0.999811
0.999810
0.999809
0.999809
0.999807
0.999804
0.999804
0.999803
0.999801
0.999799
0.999798
0.999797
0.999795
0.999792
0.999793
0.999788
0.999792
0.999786
0.999787
0.999784
0.999782
0.999783
0.999783
0.999779
0.999778
0.999775
0.999775
0.999771
0.999770
0.999771
0.999768
0.999767
0.999765
0.999762
0.999764
0.999759
0.999758
0.999758
0.999757
0.999754
0.999751
0.999750
0.999748
0.999747
0.999745
0.999745
0.999743
0.999741
0.999738
0.999737
0.999737
0.999732
0.999731
0.999731
0.999728
0.999729
0.999725
0.999723
0.999723
0.999720
0.999719
0.999716
0.999713
0.999712
0.999709
0.999710
0.999706
0.999704
0.999702
0.999701
0.999700
0.999699
0.999695
0.999693
0.999693
0.999690
0.999686
0.999685
0.999682
0.999682
0.999680
0.999677
0.999676
0.999674
0.999671
0.999669
0.999667
0.999665
0.999664
0.999661
0.999659
0.999657
0.999654
0.999653
0.999650
0.999648
0.999648
0.999644
0.999643
0.999642
0.999639
0.999636
0.999635
0.999631
0.999628
0.999629
0.999625
0.999624
0.999620
0.999620
0.999618
0.999616
0.999610
0.999612
0.999607
0.999604
0.999603
0.999600
0.999599
0.999593
0.999592
0.999590
0.999590
0.999587
0.999583
0.999580
0.999578
0.999575
0.999574
0.999573
0.999570
0.999566
0.999565
0.999563
0.999561
0.999557
0.999552
0.999550
0.999548
0.999548
0.999545
0.999541
0.999538
0.999537
0.999533
0.999530
0.999528
0.999525
0.999525
0.999522
0.999518
0.999515
0.999512
0.999510
0.999507
0.999506
0.999502
0.999498
0.999496
0.999493
0.999491
0.999487
0.999486
0.999483
0.999478
0.999478
0.999473
0.999469
0.999470
0.999466
0.999462
0.999458
0.999455
0.999454
0.999452
0.999449
0.999445
0.999442
0.999438
0.999434
0.999433
0.999430
0.999428
0.999422
0.999421
0.999419
0.999416
0.999411
0.999410
0.999406
0.999400
0.999401
0.999397
0.999392
0.999390
0.999387
0.999385
0.999380
0.999379
0.999375
0.999370
0.999368
0.999363
0.999362
0.999359
0.999355
0.999353
0.999349
0.999345
0.999342
0.999337
0.999334
0.999331
0.999328
0.999325
0.999320
0.999318
0.999314
0.999310
0.999308
0.999303
0.999300
0.999297
0.999294
0.999290
0.999287
0.999283
0.999279
0.999275
0.999274
0.999268
0.999266
0.999264
0.999259
0.999253
0.999250
0.999247
0.999243
0.999241
0.999236
0.999232
0.999231
0.999226
0.999220
0.999217
0.999215
0.999211
0.999206
0.999202
0.999199
0.999196
0.999189
0.999186
0.999185
0.999180
0.999175
0.999172
0.999170
0.999164
0.999159
0.999158
0.999151
0.999147
0.999145
0.999140
0.999135
0.999134
0.999130
0.999125
0.999120
0.999118
0.999111
0.999108
0.999102
0.999099
0.999095
0.999091
0.999086
0.999083
0.999076
0.999075
0.999070
0.999064
0.999062
0.999056
0.999051
0.999048
0.999044
0.999041
0.999035
0.999030
0.999028
0.999023
0.999016
0.999015
0.999008
0.999003
0.999000
0.998995
0.998993
0.998986
0.998981
0.998977
0.998973
0.998969
0.998962
0.998959
0.998955
0.998952
0.998946
0.998941
0.998936
0.998932
0.998928
0.998924
0.998919
0.998913
0.998909
0.998904
0.998898
0.998893
0.998891
0.998886
0.998880
0.998874
0.998869
0.998863
0.998860
0.998856
0.998850
0.998844
0.998840
0.998835
0.998831
0.998828
0.998818
0.998814
0.998812
0.998805
0.998802
0.998795
0.998791
0.998786
0.998778
0.998775
0.998769
0.998764
0.998758
0.998756
0.998750
0.998742
0.998738
0.998734
0.998728
0.998721
0.998718
0.998714
0.998707
0.998702
0.998697
0.998691
0.998686
0.998679
0.998674
0.998669
0.998665
0.998658
0.998655
0.998647
0.998642
0.998637
0.998631
0.998626
0.998618
0.998615
0.998608
0.998602
0.998596
0.998593
0.998585
0.998579
0.998576
0.998571
0.998564
0.998560
0.998552
0.998546
0.998540
0.998535
0.998528
0.998523
0.998516
0.998510
0.998506
0.998498
0.998493
0.998489
0.998482
0.998475
0.998470
0.998465
0.998456
0.998453
0.998446
0.998439
0.998432
0.998427
0.998422
0.998416
0.998409
0.998402
0.998397
0.998392
0.998385
0.998375
0.998372
0.998362
0.998360
0.998353
0.998346
0.998339
0.998334
0.998327
0.998322
0.998315
0.998306
0.998301
0.998297
0.998290
0.998283
0.998274
0.998270
0.998262
0.998258
0.998251
0.998243
0.998236
0.998232
0.998224
0.998218
0.998210
0.998205
0.998197
0.998190
0.998185
0.998178
0.998169
0.998165
0.998157
0.998150
0.998144
0.998136
0.998131
0.998123
0.998115
0.998106
0.998102
0.998096
0.998089
0.998084
0.998074
0.998065
0.998062
0.998052
0.998047
0.998041
0.998033
0.998023
0.998020
0.998013
0.998004
0.997996
0.997990
0.997982
0.997973
0.997969
0.997962
0.997953
0.997945
0.997939
0.997933
0.997923
0.997918
0.997911
0.997902
0.997894
0.997888
0.997878
0.997871
0.997863
0.997857
0.997852
0.997844
0.997837
0.997826
0.997817
0.997812
0.997804
0.997797
0.997791
0.997781
0.997775
0.997766
0.997759
0.997752
0.997744
0.997737
0.997729
0.997718
0.997713
0.997705
0.997697
0.997687
0.997682
0.997671
0.997665
0.997657
0.997650
0.997640
0.997632
0.997626
0.997615
0.997609
0.997602
0.997594
0.997583
0.997575
0.997568
0.997560
0.997552
0.997542
0.997535
0.997527
0.997519
0.997509
0.997502
0.997495
0.997485
0.997478
0.997468
0.997460
0.997451
0.997444
0.997434
0.997428
0.997417
0.997409
0.997402
0.997394
0.997385
0.997375
0.997365
0.997359
0.997351
0.997341
0.997331
0.997322
0.997317
0.997306
0.997296
0.997288
0.997279
0.997270
0.997263
0.997253
0.997245
0.997238
0.997226
0.997218
0.997210
0.997201
0.997191
0.997183
0.997171
0.997162
0.997155
0.997143
0.997136
0.997130
0.997116
0.997110
0.997100
0.997091
0.997079
0.997071
0.997065
0.997057
0.997044
0.997034
0.997028
0.997017
0.997008
0.997000
0.996987
0.996977
0.996968
0.996959
0.996951
0.996941
0.996930
0.996921
0.996914
0.996903
0.996896
0.996884
0.996873
0.996866
0.996855
0.996845
0.996835
0.996826
0.996816
0.996805
0.996796
0.996784
0.996776
0.996766
0.996756
0.996746
0.996738
0.996726
0.996717
0.996708
0.996698
0.996687
0.996675
0.996666
0.996656
0.996646
0.996636
0.996626
0.996614
0.996604
0.996595
0.996586
0.996575
0.996565
0.996553
0.996545
0.996533
0.996523
0.996511
0.996501
0.996490
0.996478
0.996469
0.996459
0.996448
0.996440
0.996427
0.996415
0.996407
0.996396
0.996384
0.996374
0.996364
0.996352
0.996343
0.996329
0.996322
0.996309
0.996298
0.996288
0.996275
0.996263
0.996254
0.996240
0.996235
0.996223
0.996211
0.996197
0.996187
0.996175
0.996165
0.996152
0.996143
0.996131
0.996121
0.996108
0.996097
0.996085
0.996073
0.996060
0.996052
0.996039
0.996026
0.996017
0.996004
0.995994
0.995983
0.995971
0.995957
0.995947
0.995936
0.995922
0.995911
0.995898
0.995886
0.995875
0.995864
0.995850
0.995840
0.995827
0.995816
0.995803
0.995789
0.995780
0.995768
0.995755
0.995741
0.995731
0.995719
0.995705
0.995691
0.995679
0.995670
0.995656
0.995644
0.995632
0.995620
0.995605
0.995595
0.995580
0.995566
0.995553
0.995541
0.995530
0.995515
0.995505
0.995490
0.995476
0.995465
0.995453
0.995437
0.995426
0.995409
0.995399
0.995387
0.995376
0.995359
0.995349
0.995333
0.995316
0.995306
0.995294
0.995278
0.995267
0.995253
0.995240
0.995226
0.995211
0.995199
0.995185
0.995170
0.995156
0.995144
0.995130
0.995112
0.995100
0.995086
0.995073
0.995059
0.995043
0.995027
0.995015
0.995002
0.994988
0.994973
0.994959
0.994943
0.994928
0.994913
0.994898
0.994884
0.994869
0.994856
0.994842
0.994823
0.994809
0.994794
0.994780
0.994766
0.994750
0.994735
0.994719
0.994704
0.994688
0.994673
0.994659
0.994642
0.994628
0.994612
0.994598
0.994581
0.994566
0.994548
0.994532
0.994517
0.994500
0.994483
0.994470
0.994452
0.994436
0.994421
0.994403
0.994386
0.994369
0.994353
0.994337
0.994320
0.994305
0.994285
0.994271
0.994254
0.994235
0.994215
0.994201
0.994184
0.994167
0.994148
0.994131
0.994115
0.994097
0.994078
0.994060
0.994041
0.994025
0.994008
0.993990
0.993971
0.993954
0.993936
0.993915
0.993899
0.993882
0.993862
0.993846
0.993825
0.993805
0.993785
0.993766
0.993750
0.993729
0.993708
0.993692
0.993671
0.993653
0.993631
0.993613
0.993593
0.993576
0.993554
0.993533
0.993514
0.993495
0.993473
0.993452
0.993432
0.993411
0.993392
0.993371
0.993349
0.993329
0.993308
0.993287
0.993267
0.993245
0.993223
0.993202
0.993179
0.993157
0.993138
0.993115
0.993089
0.993070
0.993048
0.993024
0.993004
0.992982
0.992959
0.992937
0.992916
0.992889
0.992868
0.992844
0.992821
0.992797
0.992773
0.992750
0.992727
0.992702
0.992680
0.992653
0.992630
0.992606
0.992581
0.992558
0.992533
0.992509
0.992483
0.992458
0.992433
0.992407
0.992382
0.992356
0.992330
0.992305
0.992277
0.992254
0.992226
0.992199
0.992174
0.992147
0.992122
0.992093
0.992067
0.992039
0.992013
0.991983
0.991960
0.991928
0.991902
0.991875
0.991846
0.991818
0.991790
0.991762
0.991733
0.991703
0.991672
0.991645
0.991619
0.991587
0.991558
0.991530
0.991497
0.991468
0.991439
0.991409
0.991375
0.991346
0.991315
0.991285
0.991256
0.991222
0.991194
0.991160
0.991130
0.991097
0.991064
0.991033
0.991001
0.990968
0.990935
0.990903
0.990873
0.990836
0.990803
0.990769
0.990736
0.990701
0.990669
0.990635
0.990599
0.990564
0.990530
0.990495
0.990462
0.990428
0.990390
0.990354
0.990319
0.990282
0.990247
0.990209
0.990174
0.990137
0.990103
0.990064
0.990028
0.989989
0.989951
0.989917
0.989876
0.989838
0.989801
0.989761
0.989724
0.989683
0.989646
0.989607
0.989567
0.989528
0.989488
0.989446
0.989404
0.989368
0.989327
0.989285
0.989247
0.989205
0.989167
0.989124
0.989079
0.989040
0.988997
0.988956
0.988912
0.988871
0.988827
0.988782
0.988739
0.988696
0.988654
0.988606
0.988567
0.988522
0.988477
0.988434
0.988388
0.988343
0.988297
0.988254
0.988206
0.988159
0.988117
0.988070
0.988024
0.987979
0.987928
0.987882
0.987838
0.987786
0.987739
0.987693
0.987644
0.987595
0.987548
0.987499
0.987451
0.987402
0.987354
0.987303
0.987252
0.987204
0.987156
0.987106
0.987055
0.987002
0.986950
0.986900
0.986850
0.986798
0.986746
0.986694
0.986645
0.986590
0.986538
0.986484
0.986429
0.986378
0.986325
0.986275
0.986219
0.986165
0.986109
0.986056
0.986004
0.985948
0.985893
0.985839
0.985783
0.985727
0.985671
0.985613
0.985557
0.985503
0.985444
0.985388
0.985331
0.985272
0.985215
0.985157
0.985101
0.985042
0.984985
0.984927
0.984868
0.984813
0.984753
0.984690
0.984632
0.984572
0.984512
0.984453
0.984392
0.984331
0.984271
0.984211
0.984149
0.984089
0.984026
0.983962
0.983905
0.983842
0.983778
0.983716
0.983653
0.983594
0.983527
0.983466
0.983403
0.983339
0.983276
0.983211
0.983148
0.983084
0.983018
0.982956
0.982891
0.982824
0.982759
0.982693
0.982628
0.982562
0.982495
0.982428
0.982366
0.982295
0.982231
0.982161
0.982097
0.982030
0.981962
0.981896
0.981825
0.981759
0.981696
0.981621
0.981554
0.981485
0.981416
0.981347
0.981278
0.981206
0.981140
0.981069
0.980999
0.980928
0.980858
0.980789
0.980718
0.980645
0.980574
0.980506
0.980437
0.980364
0.980290
0.980221
0.980148
0.980073
0.980003
0.979932
0.979859
0.979787
0.979713
0.979640
0.979567
0.979495
0.979423
0.979347
0.979272
0.979197
0.979124
0.979051
0.978975
0.978903
0.978827
0.978753
0.978680
0.978603
0.978529
0.978454
0.978378
0.978302
0.978229
0.978151
0.978075
0.978000
0.977923
0.977845
0.977770
0.977692
0.977619
0.977541
0.977461
0.977384
0.977308
0.977231
0.977152
0.977074
0.976995
0.976920
0.976841
0.976765
0.976686
0.976606
0.976529
0.976451
0.976374
0.976293
0.976212
0.976134
0.976054
0.975977
0.975898
0.975818
0.975736
0.975659
0.975579
0.975497
0.975418
0.975338
0.975257
0.975178
0.975096
0.975018
0.974936
0.974857
0.974773
0.974696
0.974615
0.974535
0.974454
0.974371
0.974290
0.974208
0.974127
0.974046
0.973965
0.973881
0.973801
0.973717
0.973638
0.973553
0.973473
0.973387
0.973308
0.973228
0.973142
0.973061
0.972977
0.972895
0.972811
0.972730
0.972648
0.972565
0.972482
0.972400
0.972317
0.972233
0.972149
0.972067
0.971985
0.971901
0.971818
0.971734
0.971651
0.971568
0.971483
0.971399
0.971313
0.971234
0.971147
0.971064
0.970980
0.970897
0.970812
0.970728
0.970644
0.970561
0.970477
0.970390
0.970309
0.970226
0.970140
0.970055
0.969970
0.969888
0.969803
0.969719
0.969637
0.969550
0.969464
0.969381
0.969295
0.969213
0.969125
0.969043
0.968958
0.968873
0.968788
0.968704
0.968619
0.968532
0.968447
0.968366
0.968280
0.968195
0.968110
0.968028
0.967938
0.967854
0.967771
0.967686
0.967599
0.967516
0.967431
0.967346
0.967265
0.967177
0.967091
0.967007
0.966923
0.966838
0.966753
0.966667
0.966582
0.966500
0.966413
0.966327
0.966245
0.966160
0.966073
0.965989
0.965905
0.965817
0.965736
0.965652
0.965564
0.965483
0.965396
0.965310
0.965227
0.965144
0.965059
0.964972
0.964890
0.964804
0.964721
0.964634
0.964550
0.964466
0.964381
0.964296
0.964211
0.964128
0.964042
0.963958
0.963873
0.963790
0.963707
0.963621
0.963537
0.963454
0.963365
0.963289
0.963201
0.963119
0.963031
0.962949
0.962866
0.962781
0.962698
0.962615
0.962530
0.962444
0.962364
0.962281
0.962197
0.962113
0.962028
0.961944
0.961861
0.961779
0.961696
0.961609
0.961528
0.961444
0.961362
0.961278
0.961195
0.961113
0.961030
0.960948
0.960866
0.960783
0.960699
0.960618
0.960535
0.960451
0.960369
0.960288
0.960201
0.960121
0.960039
0.959954
0.959874
0.959791
0.959712
0.959630
0.959546
0.959464
0.959383
0.959301
0.959220
0.959137
0.959057
0.958973
0.958894
0.958811
0.958733
0.958651
0.958565
0.958485
0.958405
0.958326
0.958244
0.958161
0.958084
0.958001
0.957921
0.957840
0.957758
0.957681
0.957598
0.957521
0.957440
0.957358
0.957275
0.957196
0.957116
0.957038
0.956960
0.956878
0.956798
0.956722
0.956638
0.956561
0.956481
0.956402
0.956323
0.956242
0.956162
0.956088
0.956006
0.955929
0.955848
0.955772
0.955691
0.955611
0.955533
0.955454
0.955377
0.955298
0.955224
0.955146
0.955065
0.954987
0.954911
0.954831
0.954754
0.954676
0.954598
0.954521
0.954447
0.954366
0.954290
0.954212
0.954136
0.954057
0.953983
0.953902
0.953830
0.953753
0.953675
0.953599
0.953523
0.953444
0.953368
0.953296
0.953215
0.953140
0.953065
0.952992
0.952914
0.952841
0.952763
0.952687
0.952613
0.952538
0.952464
0.952387
0.952309
0.952238
0.952164
0.952085
0.952014
0.951939
0.951863
0.951790
0.951715
0.951641
0.951569
0.951492
0.951420
0.951345
0.951273
0.951198
0.951123
0.951050
0.950976
0.950904
0.950831
0.950757
0.950686
0.950614
0.950537
0.950464
0.950393
0.950321
0.950250
0.950177
0.950105
0.950029
0.949961
0.949888
0.949814
0.949743
0.949672
0.949598
0.949527
0.949455
0.949383
0.949315
0.949243
0.949171
0.949101
0.949027
0.948959
0.948887
0.948813
0.948747
0.948674
0.948605
0.948533
0.948465
0.948396
0.948326
0.948253
0.948186
0.948116
0.948043
0.947976
0.947905
0.947836
0.947767
0.947698
0.947628
0.947560
0.947489
0.947421
0.947350
0.947284
0.947214
0.947148
0.947075
0.947008
0.946942
0.946874
0.946805
0.946736
0.946668
0.946603
0.946534
0.946463
0.946397
0.946330
0.946261
0.946196
0.946129
0.946060
0.945995
0.945926
0.945861
0.945791
0.945726
0.945659
0.945595
0.945528
0.945464
0.945395
0.945329
0.945263
0.945195
0.945127
0.945065
0.944999
0.944933
0.944868
0.944803
0.944739
0.944672
0.944610
0.944539
0.944476
0.944413
0.944349
0.944281
0.944217
0.944151
0.944086
0.944023
0.943958
0.943895
0.943832
0.943767
0.943705
0.943639
0.943573
0.943512
0.943447
0.943386
0.943321
0.943260
0.943195
0.943132
0.943069
0.943007
0.942942
0.942880
0.942817
0.942755
0.942692
0.942628
0.942566
0.942503
0.942440
0.942379
0.942318
0.942254
0.942194
0.942130
0.942070
0.942008
0.941947
0.941886
0.941826
0.941764
0.941700
0.941639
0.941578
0.941519
0.941456
0.941396
0.941336
0.941276
0.941216
0.941153
0.941092
0.941031
0.940974
0.940912
0.940850
0.940791
0.940734
0.940674
0.940612
0.940554
0.940493
0.940432
0.940375
0.940314
0.940257
0.940198
0.940136
0.940077
0.940018
0.939961
0.939901
0.939844
0.939784
0.939727
0.939666
0.939607
0.939551
0.939493
0.939432
0.939376
0.939318
0.939260
0.939201
0.939145
0.939086
0.939030
0.938973
0.938912
0.938855
0.938799
0.938741
0.938683
0.938625
0.938568
0.938513
0.938457
0.938401
0.938343
0.938286
0.938231
0.938173
0.938116
0.938059
0.938001
0.937945
0.937891
0.937835
0.937779
0.937723
0.937668
0.937612
0.937553
0.937498
0.937443
0.937389
0.937333
0.937279
0.937222
0.937166
0.937110
0.937059
0.937000
0.936949
0.936890
0.936839
0.936781
0.936730
0.936672
0.936619
0.936563
0.936509
0.936455
0.936401
0.936346
0.936293
0.936241
0.936184
0.936131
0.936077
0.936024
0.935968
0.935916
0.935864
0.935810
0.935756
0.935703
0.935648
0.935595
0.935539
0.935489
0.935437
0.935382
0.935331
0.935276
0.935223
0.935170
0.935117
0.935065
0.935014
0.934963
0.934908
0.934856
0.934803
0.934752
0.934699
0.934645
0.934594
0.934546
0.934490
0.934437
0.934386
0.934334
0.934283
0.934234
0.934179
0.934132
0.934078
0.934027
0.933974
0.933921
0.933872
0.933820
0.933773
0.933720
0.933670
0.933619
0.933568
0.933514
0.933467
0.933414
0.933368
0.933316
0.933264
0.933212
0.933164
0.933110
0.933062
0.933011
0.932965
0.932912
0.932860
0.932810
0.932761
0.932709
0.932660
0.932612
0.932563
0.932513
0.932462
0.932412
0.932364
0.932316
0.932266
0.932216
0.932167
0.932119
0.932070
0.932019
0.931970
0.931919
0.931871
0.931823
0.931774
0.931728
0.931680
0.931626
0.931578
0.931531
0.931481
0.931434
0.931386
0.931337
0.931290
0.931243
0.931191
0.931141
0.931096
0.931047
0.931000
0.930955
0.930903
0.930857
0.930807
0.930760
0.930713
0.930664
0.930619
0.930570
0.930525
0.930474
0.930428
0.930379
0.930332
0.930286
0.930238
0.930191
0.930145
0.930096
0.930048
0.930001
0.929954
0.929907
0.929862
0.929816
0.929768
0.929722
0.929675
0.929628
0.929579
0.929533
0.929488
0.929440
0.929394
0.929345
0.929303
0.929253
0.929209
0.929159
0.929117
0.929069
0.929022
0.928976
0.928933
0.928886
0.928839
0.928792
0.928747
0.928701
0.928656
0.928612
0.928565
0.928516
0.928472
0.928427
0.928383
0.928337
0.928291
0.928246
0.928200
0.928155
0.928108
0.928062
0.928020
0.927973
0.927928
0.927880
0.927836
0.927788
0.927747
0.927702
0.927657
0.927610
0.927565
0.927519
0.927473
0.927429
0.927388
0.927342
0.927297
0.927252
0.927208
0.927162
0.927116
0.927074
0.927029
0.926985
0.926940
0.926896
0.926849
0.926808
0.926761
0.926721
0.926674
0.926633
0.926585
0.926542
0.926499
0.926452
0.926408
0.926362
0.926320
0.926278
0.926232
0.926188
0.926146
0.926101
0.926057
0.926010
0.925966
0.925924
0.925883
0.925839
0.925795
0.925751
0.925709
0.925663
0.925619
0.925577
0.925531
0.925489
0.925444
0.925404
0.925358
0.925316
0.925272
0.925231
0.925187
0.925142
0.925098
0.925056
0.925012
0.924968
0.924924
0.924884
0.924841
0.924797
0.924754
0.924710
0.924667
0.924626
0.924581
0.924537
0.924494
0.924454
0.924407
0.924367
0.924323
0.924282
0.924238
0.924196
0.924152
0.924108
0.924066
0.924022
0.923983
0.923937
0.923897
0.923853
0.923811
0.923766
0.923725
0.923681
0.923639
0.923598
0.923555
0.923512
0.923472
0.923429
0.923385
0.923340
0.923299
0.923259
0.923218
0.923176
0.923133
0.923089
0.923048
0.923004
0.922961
0.922922
0.922877
0.922835
0.922796
0.922754
0.922709
0.922663
0.922627
0.922585
0.922541
0.922499
0.922456
0.922414
0.922374
0.922331
0.922289
0.922249
0.922204
0.922163
0.922123
0.922079
0.922037
0.921997
0.921953
0.921913
0.921871
0.921827
0.921786
0.921744
0.921702
0.921661
0.921618
0.921577
0.921535
0.921494
0.921452
0.921411
0.921371
0.921327
0.921284
0.921246
0.921204
0.921159
0.921122
0.921079
0.921034
0.920995
0.920953
0.920911
0.920870
0.920830
0.920789
0.920745
0.920702
0.920661
0.920621
0.920578
0.920538
0.920495
0.920457
0.920412
0.920374
0.920330
0.920289
0.920245
0.920204
0.920165
0.920127
0.920082
0.920042
0.919999
0.919959
0.919917
0.919874
0.919835
0.919791
0.919749
0.919710
0.919667
0.919627
0.919583
0.919543
0.919503
0.919461
0.919422
0.919381
0.919336
0.919296
0.919254
0.919214
0.919173
0.919131
0.919091
0.919050
0.919006
0.918967
0.918928
0.918884
0.918844
0.918803
0.918760
0.918718
0.918679
0.918639
0.918596
0.918556
0.918513
0.918473
0.918433
0.918386
0.918347
0.918308
0.918266
0.918227
0.918183
0.918143
0.918101
0.918060
0.918019
0.917978
0.917938
0.917895
0.917856
0.917815
0.917772
0.917731
0.917689
0.917650
0.917609
0.917565
0.917524
0.917485
0.917443
0.917402
0.917360
0.917321
0.917278
0.917238
0.917194
0.917156
0.917115
0.917070
0.917033
0.916988
0.916949
0.916909
0.916868
0.916827
0.916781
0.916745
0.916703
0.916662
0.916620
0.916579
0.916537
0.916497
0.916455
0.916413
0.916373
0.916333
0.916292
0.916249
0.916209
0.916167
0.916125
0.916084
0.916043
0.916001
0.915962
0.915920
0.915877
0.915838
0.915797
0.915754
0.915714
0.915674
0.915631
0.915589
0.915547
0.915510
0.915464
0.915424
0.915381
0.915343
0.915299
0.915258
0.915218
0.915177
0.915137
0.915093
0.915050
0.915011
0.914972
0.914927
0.914885
0.914845
0.914803
0.914761
0.914722
0.914678
0.914639
0.914598
0.914558
0.914516
0.914473
0.914433
0.914393
0.914347
0.914308
0.914265
0.914223
0.914183
0.914140
0.914099
0.914059
0.914017
0.913974
0.913932
0.913893
0.913851
0.913809
0.913768
0.913727
0.913686
0.913643
0.913603
0.913559
0.913522
0.913478
0.913434
0.913395
0.913352
0.913310
0.913268
0.913227
0.913184
0.913145
0.913103
0.913061
0.913020
0.912976
0.912934
0.912894
0.912851
0.912809
0.912766
0.912727
0.912686
0.912643
0.912599
0.912558
0.912517
0.912475
0.912434
0.912392
0.912353
0.912310
0.912268
0.912224
0.912181
0.912141
0.912097
0.912060
0.912014
0.911972
0.911931
0.911889
0.911849
0.911807
0.911764
0.911721
0.911679
0.911637
0.911593
0.911553
0.911512
0.911467
0.911427
0.911386
0.911343
0.911301
0.911258
0.911213
0.911173
0.911132
0.911090
0.911048
0.911006
0.910963
0.910918
0.910879
0.910835
0.910793
0.910751
0.910708
0.910666
0.910625
0.910580
0.910540
0.910497
0.910454
0.910411
0.910372
0.910328
0.910284
0.910241
0.910200
0.910154
0.910115
0.910072
0.910029
0.909988
0.909944
0.909900
0.909859
0.909816
0.909773
0.909729
0.909689
0.909647
0.909601
0.909561
0.909517
0.909474
0.909433
0.909389
0.909348
0.909305
0.909260
0.909219
0.909176
0.909134
0.909090
0.909048
0.909006
0.908962
0.908917
0.908876
0.908832
0.908791
0.908750
0.908703
0.908661
0.908618
0.908578
0.908533
0.908488
0.908447
0.908404
0.908360
0.908318
0.908274
0.908229
0.908187
0.908144
0.908101
0.908059
0.908015
0.907972
0.907930
0.907887
0.907842
0.907799
0.907754
0.907712
0.907668
0.907626
0.907585
0.907541
0.907495
0.907453
0.907409
0.907365
0.907323
0.907279
0.907238
0.907192
0.907148
0.907103
0.907062
0.907016
0.906971
0.906929
0.906884
0.906845
0.906797
0.906758
0.906710
0.906670
0.906625
0.906581
0.906536
0.906494
0.906450
0.906404
0.906360
0.906319
0.906273
0.906230
0.906186
0.906142
0.906100
0.906055
0.906013
0.905967
0.905920
0.905878
0.905835
0.905792
0.905748
0.905704
0.905660
0.905616
0.905570
0.905527
0.905483
0.905439
0.905394
0.905349
0.905307
0.905262
0.905220
0.905172
0.905126
0.905086
0.905043
0.904996
0.904955
0.904908
0.904866
0.904820
0.904776
0.904729
0.904687
0.904643
0.904598
0.904553
0.904508
0.904466
0.904419
0.904375
0.904332
0.904287
0.904242
0.904198
0.904151
0.904107
0.904063
0.904020
0.903973
0.903928
0.903885
0.903841
0.903797
0.903749
0.903706
0.903661
0.903617
0.903570
0.903530
0.903481
0.903437
0.903392
0.903345
0.903301
0.903254
0.903209
0.903164
0.903119
0.903074
0.903029
0.902984
0.902939
0.902893
0.902846
0.902803
0.902758
0.902713
0.902669
0.902622
0.902577
0.902532
0.902486
0.902442
0.902397
0.902353
0.902306
0.902260
0.902214
0.902170
0.902126
0.902074
0.902034
0.901987
0.901944
0.901898
0.901848
0.901806
0.901760
0.901715
0.901672
0.901625
0.901581
0.901532
0.901488
0.901443
0.901397
0.901349
0.901305
0.901259
0.901214
0.901166
0.901122
0.901074
0.901026
0.900984
0.900938
0.900893
0.900847
0.900801
0.900757
0.900710
0.900663
0.900618
0.900571
0.900524
0.900478
0.900433
0.900388
0.900344
0.900294
0.900250
0.900202
0.900157
0.900112
0.900066
0.900019
0.899973
0.899927
0.899879
0.899835
0.899787
0.899743
0.899697
0.899651
0.899602
0.899558
0.899511
0.899463
0.899418
0.899371
0.899325
0.899278
0.899231
0.899185
0.899139
0.899093
0.899047
0.899001
0.898956
0.898907
0.898859
0.898812
0.898769
0.898721
0.898676
0.898628
0.898579
0.898532
0.898490
0.898442
0.898395
0.898347
0.898303
0.898254
0.898205
0.898161
0.898115
0.898070
0.898020
0.897974
0.897928
0.897880
0.897830
0.897786
0.897739
0.897694
0.897644
0.897600
0.897549
0.897502
0.897444
0.897398
0.897349
0.897303
0.897256
0.897208
0.897164
0.897114
0.897066
0.897022
0.896973
0.896922
0.896879
0.896834
0.896786
0.896735
0.896691
0.896640
0.896594
0.896547
0.896501
0.896457
0.896408
0.896359
0.896312
0.896264
0.896215
0.896166
0.896122
0.896073
0.896028
0.895979
0.895929
0.895882
0.895836
0.895788
0.895739
0.895689
0.895644
0.895594
0.895548
0.895500
0.895455
0.895404
0.895355
0.895310
0.895258
0.895214
0.895166
0.895118
0.895068
0.895020
0.894977
0.894926
0.894879
0.894832
0.894784
0.894738
0.894686
0.894639
0.894593
0.894546
0.894495
0.894449
0.894400
0.894351
0.894304
0.894260
0.894210
0.894162
0.894115
0.894062
0.894017
0.893969
0.893922
0.893872
0.893822
0.893775
0.893731
0.893679
0.893630
0.893583
0.893535
0.893484
0.893435
0.893390
0.893342
0.893291
0.893246
0.893193
0.893144
0.893101
0.893048
0.893001
0.892954
0.892902
0.892856
0.892808
0.892758
0.892709
0.892660
0.892613
0.892563
0.892514
0.892466
0.892418
0.892368
0.892319
0.892273
0.892219
0.892174
0.892127
0.892079
0.892027
0.891982
0.891929
0.891881
0.891834
0.891783
0.891737
0.891690
0.891638
0.891588
0.891539
0.891490
0.891441
0.891397
0.891345
0.891296
0.891243
0.891197
0.891148
0.891101
0.891049
0.890998
0.890956
0.890901
0.890853
0.890804
0.890758
0.890706
0.890658
0.890608
0.890558
0.890508
0.890463
0.890411
0.890361
0.890313
0.890265
0.890214
0.890161
0.890114
0.890063
0.890016
0.889967
0.889917
0.889865
0.889819
0.889771
0.889719
0.889674
0.889621
0.889572
0.889522
0.889473
0.889422
0.889370
0.889326
0.889278
0.889224
0.889173
0.889126
0.889075
0.889028
0.888978
0.888930
0.888881
0.888832
0.888778
0.888729
0.888679
0.888629
0.888581
0.888530
0.888475
0.888430
0.888381
0.888333
0.888281
0.888233
0.888182
0.888133
0.888083
0.888032
0.887981
0.887931
0.887883
0.887833
0.887779
0.887729
0.887683
0.887632
0.887585
0.887532
0.887487
0.887427
0.887385
0.887333
0.887279
0.887233
0.887186
0.887133
0.887079
0.887033
0.886982
0.886931
0.886883
0.886834
0.886784
0.886730
0.886681
0.886631
0.886579
0.886529
0.886482
0.886428
0.886376
0.886331
0.886281
0.886227
0.886179
0.886131
0.886076
0.886027
0.885975
0.885926
0.885874
0.885826
0.885772
0.885727
0.885671
0.885621
0.885574
0.885526
0.885471
0.885418
0.885365
0.885316
0.885270
0.885214
0.885152
0.885103
0.885055
0.885003
0.884953
0.884900
0.884852
0.884796
0.884750
0.884701
0.884650
0.884599
0.884549
0.884504
0.884448
0.884400
0.884346
0.884293
0.884244
0.884187
0.884140
0.884087
0.884038
0.883986
0.883939
0.883885
0.883839
0.883788
0.883736
0.883684
0.883635
0.883584
0.883531
0.883479
0.883426
0.883378
0.883331
0.883278
0.883230
0.883174
0.883123
0.883072
0.883021
0.882972
0.882924
0.882870
0.882819
0.882767
0.882717
0.882661
0.882608
0.882560
0.882513
0.882460
0.882410
0.882356
0.882303
0.882250
0.882199
0.882153
0.882101
0.882051
0.881997
0.881947
0.881898
0.881841
0.881793
0.881740
0.881693
0.881642
0.881587
0.881540
0.881485
0.881434
0.881385
0.881328
0.881277
0.881227
0.881182
0.881128
0.881074
0.881024
0.880970
0.880921
0.880872
0.880819
0.880767
0.880717
0.880664
0.880612
0.880564
0.880513
0.880457
0.880407
0.880353
0.880302
0.880252
0.880198
0.880144
0.880096
0.880044
0.879996
0.879936
0.879887
0.879840
0.879791
0.879737
0.879683
0.879632
0.879582
0.879529
0.879477
0.879425
0.879373
0.879322
0.879271
0.879221
0.879166
0.879112
0.879061
0.879012
0.878960
0.878902
0.878851
0.878804
0.878751
0.878700
0.878651
0.878598
0.878546
0.878491
0.878436
0.878385
0.878338
0.878280
0.878236
0.878185
0.878131
0.878078
0.878027
0.877969
0.877918
0.877868
0.877815
0.877766
0.877716
0.877661
0.877607
0.877557
0.877504
0.877454
0.877400
0.877347
0.877296
0.877243
0.877193
0.877145
0.877090
0.877034
0.876986
0.876932
0.876882
0.876830
0.876776
0.876725
0.876676
0.876625
0.876566
0.876514
0.876463
0.876415
0.876360
0.876308
0.876253
0.876204
0.876147
0.876101
0.876051
0.875996
0.875940
0.875894
0.875833
0.875786
0.875734
0.875679
0.875627
0.875576
0.875525
0.875472
0.875422
0.875367
0.875314
0.875264
0.875213
0.875159
0.875107
0.875054
0.875004
0.874949
0.874896
0.874845
0.874797
0.874744
0.874686
0.874637
0.874584
0.874531
0.874483
0.874425
0.874371
0.874315
0.874263
0.874217
0.874162
0.874113
0.874058
0.874004
0.873955
0.873897
0.873850
0.873800
0.873746
0.873692
0.873640
0.873589
0.873532
0.873479
0.873427
0.873379
0.873322
0.873272
0.873220
0.873166
0.873114
0.873062
0.873008
0.872951
0.872903
0.872850
0.872798
0.872743
0.872690
0.872636
0.872585
0.872534
0.872483
0.872426
0.872374
0.872324
0.872272
0.872217
0.872163
0.872111
0.872062
0.872010
0.871951
0.871900
0.871847
0.871793
0.871745
0.871688
0.871636
0.871584
0.871533
0.871480
0.871424
0.871372
0.871316
0.871267
0.871214
0.871161
0.871109
0.871057
0.871001
0.870945
0.870893
0.870841
0.870791
0.870739
0.870684
0.870629
0.870579
0.870528
0.870474
0.870419
0.870367
0.870318
0.870259
0.870210
0.870157
0.870103
0.870050
0.869997
0.869947
0.869891
0.869839
0.869782
0.869735
0.869680
0.869632
0.869575
0.869523
0.869470
0.869413
0.869361
0.869305
0.869255
0.869200
0.869152
0.869097
0.869044
0.868989
0.868937
0.868886
0.868830
0.868779
0.868726
0.868677
0.868621
0.868566
0.868515
0.868463
0.868407
0.868352
0.868302
0.868241
0.868192
0.868138
0.868088
0.868035
0.867980
0.867926
0.867875
0.867823
0.867769
0.867713
0.867664
0.867609
0.867551
0.867501
0.867443
0.867390
0.867339
0.867288
0.867232
0.867183
0.867130
0.867075
0.867025
0.866967
0.866913
0.866863
0.866807
0.866755
0.866703
0.866653
0.866594
0.866537
0.866488
0.866435
0.866380
0.866329
0.866274
0.866221
0.866167
0.866113
0.866059
0.866008
0.865957
0.865902
0.865846
0.865797
0.865737
0.865691
0.865636
0.865582
0.865531
0.865480
0.865423
0.865373
0.865314
0.865262
0.865205
0.865153
0.865106
0.865049
0.865001
0.864938
0.864889
0.864835
0.864784
0.864728
0.864677
0.864622
0.864566
0.864519
0.864460
0.864410
0.864355
0.864302
0.864251
0.864192
0.864136
0.864089
0.864036
0.863981
0.863923
0.863871
0.863821
0.863764
0.863713
0.863661
0.863600
0.863551
0.863496
0.863447
0.863395
0.863340
0.863285
0.863231
0.863179
0.863117
0.863066
0.863010
0.862962
0.862906
0.862856
0.862801
0.862747
0.862698
0.862639
0.862590
0.862536
0.862482
0.862433
0.862374
0.862314
0.862269
0.862213
0.862159
0.862110
0.862058
0.862003
0.861945
0.861893
0.861842
0.861789
0.861740
0.861679
0.861631
0.861574
0.861520
0.861468
0.861412
0.861355
0.861305
0.861249
0.861200
0.861146
0.861093
0.861041
0.860983
0.860935
0.860881
0.860823
0.860773
0.860718
0.860668
0.860610
0.860561
0.860503
0.860450
0.860396
0.860342
0.860288
0.860235
0.860182
0.860130
0.860078
0.860021
0.859969
0.859915
0.859858
0.859807
0.859756
0.859703
0.859648
0.859593
0.859543
0.859489
0.859434
0.859380
0.859323
0.859278
0.859216
0.859163
0.859110
0.859054
0.859004
0.858949
0.858891
0.858841
0.858784
0.858735
0.858683
0.858624
0.858573
0.858517
0.858464
0.858406
0.858356
0.858306
0.858254
0.858195
0.858140
0.858086
0.858040
0.857979
0.857930
0.857869
0.857821
0.857764
0.857713
0.857655
0.857607
0.857552
0.857497
0.857445
0.857395
0.857337
0.857285
0.857228
0.857173
0.857117
0.857067
0.857009
0.856955
0.856900
0.856849
0.856800
0.856746
0.856690
0.856632
0.856581
0.856525
0.856474
0.856420
0.856366
0.856315
0.856253
0.856201
0.856149
0.856093
0.856042
0.855987
0.855934
0.855882
0.855828
0.855774
0.855718
0.855665
0.855614
0.855558
0.855496
0.855449
0.855398
0.855343
0.855287
0.855230
0.855176
0.855129
0.855068
0.855019
0.854968
0.854910
0.854855
0.854802
0.854752
0.854696
0.854642
0.854591
0.854537
0.854487
0.854427
0.854374
0.854325
0.854267
0.854214
0.854158
0.854105
0.854053
0.854001
0.853949
0.853891
0.853840
0.853779
0.853734
0.853677
0.853620
0.853568
0.853516
0.853457
0.853405
0.853351
0.853293
0.853239
0.853188
0.853138
0.853081
0.853026
0.852970
0.852918
0.852865
0.852809
0.852759
0.852703
0.852649
0.852592
0.852538
0.852485
0.852432
0.852379
0.852327
0.852270
0.852217
0.852160
0.852108
0.852057
0.852004
0.851951
0.851894
0.851844
0.851786
0.851732
0.851676
0.851623
0.851571
0.851515
0.851461
0.851408
0.851356
0.851300
0.851241
0.851191
0.851137
0.851085
0.851034
0.850975
0.850925
0.850872
0.850818
0.850763
0.850713
0.850658
0.850602
0.850546
0.850492
0.850444
0.850387
0.850332
0.850274
0.850222
0.850168
0.850117
0.850064
0.850012
0.849955
0.849897
0.849848
0.849790
0.849741
0.849683
0.849631
0.849576
0.849525
0.849465
0.849408
0.849355
0.849306
0.849254
0.849200
0.849145
0.849089
0.849036
0.848983
0.848929
0.848875
0.848818
0.848768
0.848710
0.848654
0.848600
0.848546
0.848493
0.848442
0.848389
0.848335
0.848281
0.848226
0.848169
0.848120
0.848065
0.848009
0.847957
0.847904
0.847848
0.847797
0.847735
0.847681
0.847635
0.847574
0.847526
0.847473
0.847418
0.847364
0.847312
0.847257
0.847202
0.847147
0.847096
0.847037
0.846989
0.846929
0.846879
0.846823
0.846767
0.846721
0.846659
0.846604
0.846550
0.846501
0.846444
0.846393
0.846333
0.846282
0.846233
0.846178
0.846122
0.846064
0.846014
0.845960
0.845907
0.845852
0.845798
0.845742
0.845690
0.845638
0.845589
0.845532
0.845476
0.845421
0.845364
0.845310
0.845256
0.845203
0.845151
0.845094
0.845036
0.844988
0.844934
0.844881
0.844826
0.844770
0.844715
0.844665
0.844609
0.844555
0.844500
0.844445
0.844392
0.844335
0.844281
0.844233
0.844180
0.844125
0.844069
0.844014
0.843964
0.843908
0.843856
0.843795
0.843741
0.843688
0.843634
0.843584
0.843531
0.843474
0.843420
0.843366
0.843312
0.843263
0.843204
0.843151
0.843095
0.843041
0.842987
0.842938
0.842884
0.842830
0.842776
0.842719
0.842668
0.842612
0.842560
0.842504
0.842453
0.842396
0.842342
0.842284
0.842234
0.842181
0.842129
0.842072
0.842020
0.841964
0.841907
0.841858
0.841799
0.841744
0.841692
0.841633
0.841585
0.841534
0.841474
0.841423
0.841371
0.841315
0.841266
0.841207
0.841149
0.841091
0.841042
0.840986
0.840936
0.840881
0.840830
0.840775
0.840721
0.840671
0.840616
0.840560
0.840506
0.840454
0.840400
0.840340
0.840284
0.840231
0.840176
0.840131
0.840072
0.840014
0.839965
0.839909
0.839858
0.839801
0.839749
0.839695
0.839641
0.839588
0.839528
0.839480
0.839422
0.839372
0.839312
0.839265
0.839210
0.839157
0.839102
0.839047
0.838992
0.838932
0.838882
0.838826
0.838769
0.838716
0.838665
0.838619
0.838556
0.838506
0.838454
0.838401
0.838344
0.838289
0.838234
0.838181
0.838124
0.838071
0.838012
0.837966
0.837908
0.837854
0.837801
0.837744
0.837692
0.837636
0.837584
0.837526
0.837474
0.837420
0.837368
0.837313
0.837260
0.837208
0.837153
0.837100
0.837046
0.836994
0.836937
0.836884
0.836825
0.836772
0.836717
0.836664
0.836610
0.836557
0.836502
0.836446
0.836398
0.836343
0.836293
0.836234
0.836180
0.836127
0.836078
0.836018
0.835960
0.835909
0.835854
0.835801
0.835748
0.835693
0.835639
0.835581
0.835526
0.835474
0.835426
0.835368
0.835312
0.835258
0.835208
0.835152
0.835097
0.835042
0.834991
0.834937
0.834883
0.834822
0.834774
0.834713
0.834663
0.834612
0.834553
0.834503
0.834449
0.834393
0.834344
0.834285
0.834231
0.834172
0.834122
0.834070
0.834010
0.833957
0.833898
0.833852
0.833792
0.833741
0.833691
0.833640
0.833581
0.833525
0.833472
0.833417
0.833360
0.833304
0.833253
0.833200
0.833142
0.833089
0.833038
0.832985
0.832930
0.832877
0.832822
0.832769
0.832712
0.832661
0.832605
0.832551
0.832498
0.832443
0.832390
0.832333
0.832279
0.832228
0.832174
0.832118
0.832065
0.832011
0.831955
0.831903
0.831844
0.831792
0.831735
0.831682
0.831623
0.831572
0.831515
0.831462
0.831412
0.831356
0.831302
0.831249
0.831192
0.831138
0.831087
0.831030
0.830975
0.830918
0.830871
0.830814
0.830760
0.830705
0.830647
0.830591
0.830539
0.830484
0.830429
0.830380
0.830320
0.830265
0.830209
0.830156
0.830103
0.830049
0.829997
0.829942
0.829882
0.829831
0.829779
0.829727
0.829668
0.829612
0.829557
0.829502
0.829447
0.829392
0.829343
0.829291
0.829232
0.829179
0.829122
0.829065
0.829013
0.828955
0.828900
0.828844
0.828791
0.828735
0.828683
0.828627
0.828571
0.828517
0.828468
0.828411
0.828352
0.828301
0.828250
0.828188
0.828141
0.828084
0.828028
0.827970
0.827919
0.827865
0.827811
0.827755
0.827700
0.827645
0.827589
0.827533
0.827480
0.827425
0.827372
0.827320
0.827263
0.827205
0.827153
0.827094
0.827043
0.826988
0.826932
0.826877
0.826821
0.826767
0.826715
0.826656
0.826608
0.826551
0.826492
0.826437
0.826385
0.826329
0.826275
0.826220
0.826166
0.826108
0.826050
0.825995
0.825943
0.825891
0.825834
0.825782
0.825724
0.825668
0.825612
0.825558
0.825502
0.825448
0.825394
0.825339
0.825279
0.825229
0.825172
0.825120
0.825059
0.825005
0.824953
0.824900
0.824845
0.824783
0.824731
0.824673
0.824617
0.824566
0.824509
0.824452
0.824396
0.824347
0.824285
0.824229
0.824178
0.824121
0.824069
0.824009
0.823949
0.823894
0.823844
0.823786
0.823726
0.823677
0.823617
0.823562
0.823511
0.823455
0.823395
0.823343
0.823286
0.823230
0.823178
0.823118
0.823062
0.823008
0.822949
0.822893
0.822838
0.822782
0.822731
0.822674
0.822615
0.822564
0.822504
0.822446
0.822388
0.822330
0.822277
0.822219
0.822165
0.822111
0.822052
0.821998
0.821941
0.821884
0.821828
0.821776
0.821717
0.821663
0.821604
0.821548
0.821491
0.821437
0.821379
0.821325
0.821261
0.821208
0.821151
0.821096
0.821041
0.820987
0.820928
0.820873
0.820818
0.820757
0.820701
0.820645
0.820586
0.820530
0.820472
0.820418
0.820358
0.820296
0.820242
0.820188
0.820133
0.820073
0.820014
0.819958
0.819902
0.819843
0.819789
0.819728
0.819676
0.819618
0.819557
0.819504
0.819447
0.819391
0.819337
0.819277
0.819221
0.819162
0.819099
0.819045
0.818991
0.818931
0.818874
0.818817
0.818759
0.818705
0.818643
0.818586
0.818525
0.818471
0.818412
0.818357
0.818296
0.818240
0.818184
0.818121
0.818068
0.818009
0.817953
0.817892
0.817830
0.817774
0.817716
0.817657
0.817600
0.817542
0.817483
0.817428
0.817369
0.817308
0.817252
0.817193
0.817130
0.817073
0.817015
0.816956
0.816897
0.816839
0.816779
0.816718
0.816662
0.816605
0.816552
0.816487
0.816429
0.816373
0.816313
0.816251
0.816191
0.816131
0.816075
0.816017
0.815954
0.815894
0.815840
0.815782
0.815721
0.815663
0.815606
0.815548
0.815488
0.815425
0.815363
0.815307
0.815247
0.815188
0.815127
0.815068
0.815011
0.814949
0.814889
0.814828
0.814769
0.814711
0.814651
0.814589
0.814530
0.814469
0.814411
0.814348
0.814287
0.814231
0.814169
0.814111
0.814050
0.813985
0.813927
0.813865
0.813812
0.813749
0.813686
0.813627
0.813569
0.813507
0.813442
0.813384
0.813320
0.813259
0.813198
0.813140
0.813084
0.813021
0.812960
0.812899
0.812838
0.812777
0.812715
0.812650
0.812590
0.812527
0.812469
0.812409
0.812342
0.812279
0.812226
0.812161
0.812100
0.812038
0.811978
0.811914
0.811855
0.811794
0.811731
0.811670
0.811606
0.811543
0.811482
0.811420
0.811358
0.811296
0.811235
0.811170
0.811109
0.811048
0.810984
0.810925
0.810860
0.810796
0.810733
0.810673
0.810612
0.810548
0.810481
0.810418
0.810357
0.810292
0.810233
0.810172
0.810109
0.810041
0.809982
0.809914
0.809855
0.809791
0.809728
0.809666
0.809601
0.809537
0.809476
0.809415
0.809350
0.809283
0.809223
0.809158
0.809094
0.809030
0.808964
0.808903
0.808840
0.808772
0.808712
0.808642
0.808580
0.808517
0.808455
0.808389
0.808327
0.808265
0.808197
0.808133
0.808071
0.808002
0.807936
0.807870
0.807811
0.807742
0.807675
0.807614
0.807551
0.807482
0.807418
0.807353
0.807291
0.807225
0.807160
0.807094
0.807027
0.806964
0.806898
0.806831
0.806763
0.806698
0.806632
0.806569
0.806503
0.806442
0.806372
0.806304
0.806239
0.806172
0.806104
0.806040
0.805974
0.805912
0.805843
0.805776
0.805709
0.805640
0.805577
0.805510
0.805443
0.805378
0.805314
0.805246
0.805175
0.805110
0.805039
0.804975
0.804910
0.804843
0.804778
0.804709
0.804639
0.804574
0.804508
0.804439
0.804368
0.804304
0.804237
0.804168
0.804102
0.804036
0.803969
0.803899
0.803832
0.803764
0.803691
0.803626
0.803560
0.803490
0.803422
0.803354
0.803284
0.803218
0.803152
0.803081
0.803011
0.802944
0.802871
0.802806
0.802738
0.802668
0.802598
0.802532
0.802459
0.802394
0.802323
0.802254
0.802187
0.802115
0.802050
0.801980
0.801911
0.801837
0.801770
0.801701
0.801632
0.801559
0.801486
0.801423
0.801351
0.801284
0.801209
0.801141
0.801075
0.801008
0.800931
0.800861
0.800794
0.800721
0.800654
0.800584
0.800509
0.800431
0.800366
0.800298
0.800227
0.800159
0.800088
0.800016
0.799948
0.799872
0.799803
0.799729
0.799660
0.799592
0.799519
0.799450
0.799374
0.799302
0.799232
0.799159
0.799088
0.799017
0.798948
0.798877
0.798807
0.798735
0.798663
0.798588
0.798519
0.798446
0.798370
0.798295
0.798226
0.798153
0.798082
0.798011
0.797939
0.797864
0.797796
0.797721
0.797646
0.797579
0.797504
0.797430
0.797357
0.797286
0.797212
0.797136
0.797066
0.796991
0.796917
0.796845
0.796773
0.796704
0.796625
0.796552
0.796485
0.796408
0.796332
0.796257
0.796186
0.796110
0.796037
0.795966
0.795891
0.795817
0.795741
0.795667
0.795597
0.795519
0.795447
0.795375
0.795300
0.795224
0.795150
0.795077
0.795004
0.794930
0.794853
0.794779
0.794704
0.794627
0.794554
0.794479
0.794405
0.794330
0.794256
0.794178
0.794104
0.794029
0.793958
0.793880
0.793805
0.793729
0.793653
0.793579
0.793500
0.793431
0.793352
0.793279
0.793204
0.793125
0.793051
0.792978
0.792899
0.792821
0.792748
0.792671
0.792596
0.792519
0.792443
0.792371
0.792295
0.792220
0.792142
0.792065
0.791986
0.791913
0.791835
0.791758
0.791684
0.791605
0.791527
0.791454
0.791376
0.791296
0.791219
0.791140
0.791073
0.790994
0.790916
0.790840
0.790763
0.790679
0.790603
0.790530
0.790453
0.790376
0.790297
0.790223
0.790143
0.790068
0.789990
0.789913
0.789833
0.789755
0.789681
0.789602
0.789523
0.789447
0.789370
0.789292
0.789210
0.789134
0.789055
0.788976
0.788902
0.788821
0.788747
0.788668
0.788588
0.788506
0.788427
0.788352
0.788272
0.788199
0.788121
0.788041
0.787963
0.787883
0.787806
0.787724
0.787645
0.787567
0.787485
0.787410
0.787333
0.787254
0.787173
0.787096
0.787018
0.786937
0.786856
0.786780
0.786702
0.786620
0.786542
0.786460
0.786383
0.786306
0.786224
0.786146
0.786064
0.785987
0.785908
0.785826
0.785748
0.785671
0.785589
0.785511
0.785435
0.785353
0.785269
0.785191
0.785108
0.785033
0.784951
0.784871
0.784793
0.784712
0.784630
0.784552
0.784470
0.784394
0.784313
0.784233
0.784150
0.784071
0.783992
0.783911
0.783832
0.783752
0.783670
0.783593
0.783513
0.783429
0.783350
0.783266
0.783189
0.783109
0.783028
0.782946
0.782870
0.782788
0.782708
0.782628
0.782542
0.782467
0.782383
0.782305
0.782221
0.782140
0.782059
0.781981
0.781902
0.781818
0.781736
0.781655
0.781576
0.781492
0.781414
0.781333
0.781253
0.781172
0.781091
0.781009
0.780930
0.780846
0.780766
0.780682
0.780604
0.780518
0.780437
0.780358
0.780277
0.780196
0.780115
0.780034
0.779952
0.779868
0.779793
0.779710
0.779627
0.779545
0.779468
0.779384
0.779300
0.779222
0.779139
0.779058
0.778973
0.778893
0.778810
0.778729
0.778648
0.778563
0.778487
0.778403
0.778322
0.778244
0.778161
0.778077
0.777997
0.777912
0.777828
0.777745
0.777665
0.777582
0.777504
0.777421
0.777339
0.777259
0.777177
0.777095
0.777007
0.776928
0.776844
0.776765
0.776681
0.776602
0.776523
0.776435
0.776356
0.776276
0.776189
0.776107
0.776028
0.775947
0.775866
0.775783
0.775701
0.775621
0.775535
0.775452
0.775368
0.775286
0.775207
0.775124
0.775040
0.774960
0.774882
0.774797
0.774714
0.774631
0.774552
0.774469
0.774387
0.774304
0.774220
0.774140
0.774054
0.773976
0.773888
0.773811
0.773726
0.773644
0.773564
0.773480
0.773399
0.773317
0.773234
0.773150
0.773068
0.772984
0.772901
0.772819
0.772737
0.772656
0.772570
0.772491
0.772408
0.772327
0.772243
0.772164
0.772081
0.772000
0.771915
0.771834
0.771748
0.771663
0.771582
0.771499
0.771417
0.771337
0.771253
0.771169
0.771094
0.771007
0.770924
0.770845
0.770760
0.770677
0.770592
0.770513
0.770429
0.770346
0.770262
0.770182
0.770100
0.770018
0.769935
0.769850
0.769768
0.769689
0.769608
0.769525
0.769442
0.769360
0.769277
0.769195
0.769111
0.769029
0.768946
0.768863
0.768783
0.768700
0.768615
0.768540
0.768454
0.768373
0.768290
0.768204
0.768122
0.768041
0.767958
0.767877
0.767795
0.767712
0.767630
0.767546
0.767466
0.767381
0.767297
0.767215
0.767134
0.767055
0.766971
0.766885
0.766806
0.766721
0.766644
0.766559
0.766478
0.766395
0.766312
0.766235
0.766147
0.766070
0.765984
0.765902
0.765820
0.765738
0.765659
0.765570
0.765490
0.765411
0.765330
0.765251
0.765170
0.765087
0.765003
0.764919
0.764837
0.764753
0.764674
0.764589
0.764510
0.764428
0.764350
0.764269
0.764186
0.764103
0.764022
0.763940
0.763854
0.763773
0.763693
0.763613
0.763533
0.763451
0.763363
0.763283
0.763202
0.763118
0.763040
0.762959
0.762880
0.762795
0.762715
0.762634
0.762553
0.762469
0.762388
0.762307
0.762224
0.762145
0.762064
0.761982
0.761904
0.761819
0.761741
0.761662
0.761577
0.761496
0.761415
0.761335
0.761252
0.761167
0.761088
0.761007
0.760927
0.760844
0.760763
0.760679
0.760599
0.760516
0.760438
0.760359
0.760277
0.760197
0.760113
0.760036
0.759951
0.759870
0.759791
0.759707
0.759628
0.759549
0.759472
0.759387
0.759308
0.759226
0.759144
0.759060
0.758981
0.758901
0.758822
0.758743
0.758666
0.758581
0.758501
0.758419
0.758338
0.758257
0.758175
0.758096
0.758017
0.757934
0.757857
0.757778
0.757696
0.757616
0.757533
0.757453
0.757372
0.757295
0.757211
0.757131
0.757053
0.756973
0.756893
0.756811
0.756734
0.756650
0.756571
0.756490
0.756413
0.756330
0.756253
0.756178
0.756094
0.756013
0.755932
0.755851
0.755771
0.755690
0.755612
0.755536
0.755455
0.755377
0.755296
0.755219
0.755133
0.755055
0.754977
0.754896
0.754821
0.754740
0.754661
0.754581
0.754501
0.754421
0.754339
0.754262
0.754182
0.754102
0.754023
0.753946
0.753870
0.753789
0.753712
0.753631
0.753549
0.753473
0.753395
0.753310
0.753233
0.753154
0.753075
0.752999
0.752922
0.752842
0.752764
0.752683
0.752605
0.752528
0.752447
0.752367
0.752290
0.752211
0.752134
0.752055
0.751976
0.751899
0.751820
0.751739
0.751662
0.751584
0.751506
0.751428
0.751351
0.751272
0.751194
0.751114
0.751035
0.750957
0.750880
0.750801
0.750725
0.750645
0.750569
0.750488
0.750413
0.750334
0.750255
0.750178
0.750099
0.750024
0.749942
0.749867
0.749790
0.749711
0.749634
0.749556
0.749476
0.749400
0.749322
0.749247
0.749172
0.749095
0.749015
0.748937
0.748862
0.748782
0.748703
0.748626
0.748550
0.748475
0.748398
0.748323
0.748242
0.748168
0.748089
0.748012
0.747933
0.747862
0.747782
0.747704
0.747627
0.747551
0.747478
0.747399
0.747322
0.747244
0.747168
0.747091
0.747013
0.746939
0.746861
0.746788
0.746711
0.746634
0.746559
0.746481
0.746402
0.746327
0.746251
0.746176
0.746101
0.746023
0.745946
0.745873
0.745796
0.745718
0.745643
0.745566
0.745490
0.745417
0.745338
0.745265
0.745195
0.745113
0.745041
0.744963
0.744886
0.744808
0.744734
0.744656
0.744584
0.744507
0.744434
0.744358
0.744283
0.744204
0.744128
0.744056
0.743981
0.743905
0.743832
0.743755
0.743679
0.743606
0.743529
0.743457
0.743380
0.743307
0.743227
0.743156
0.743081
0.743004
0.742934
0.742859
0.742780
0.742707
0.742634
0.742556
0.742484
0.742407
0.742330
0.742259
0.742184
0.742113
0.742035
0.741962
0.741887
0.741814
0.741738
0.741666
0.741591
0.741515
0.741441
0.741370
0.741296
0.741222
0.741147
0.741071
0.740994
0.740924
0.740850
0.740781
0.740707
0.740630
0.740558
0.740484
0.740411
0.740334
0.740261
0.740187
0.740112
0.740043
0.739965
0.739894
0.739823
0.739749
0.739674
0.739603
0.739530
0.739456
0.739382
0.739310
0.739238
0.739165
0.739093
0.739019
0.738945
0.738869
0.738799
0.738725
0.738652
0.738580
0.738510
0.738437
0.738362
0.738290
0.738218
0.738144
0.738072
0.737999
0.737926
0.737858
0.737784
0.737713
0.737641
0.737566
0.737495
0.737423
0.737350
0.737281
0.737207
0.737132
0.737062
0.736991
0.736916
0.736844
0.736771
0.736700
0.736630
0.736560
0.736487
0.736415
0.736343
0.736269
0.736201
0.736130
0.736057
0.735988
0.735914
0.735842
0.735770
0.735698
0.735632
0.735557
0.735487
0.735414
0.735337
0.735269
0.735203
0.735131
0.735056
0.734988
0.734915
0.734846
0.734775
0.734698
0.734631
0.734561
0.734490
0.734422
0.734349
0.734279
0.734207
0.734137
0.734060
0.733995
0.733925
0.733854
0.733784
0.733714
0.733645
0.733573
0.733502
0.733432
0.733362
0.733294
0.733222
0.733150
0.733080
0.733009
0.732943
0.732872
0.732802
0.732732
0.732660
0.732589
0.732518
0.732451
0.732385
0.732312
0.732242
0.732172
0.732104
0.732035
0.731963
0.731894
0.731823
0.731756
0.731684
0.731615
0.731550
0.731479
0.731409
0.731336
0.731269
0.731202
0.731127
0.731061
0.730995
0.730924
0.730854
0.730787
0.730718
0.730646
0.730577
0.730511
0.730440
0.730368
0.730305
0.730234
0.730165
0.730095
0.730026
0.729958
0.729890
0.729824
0.729753
0.729684
0.729616
0.729549
0.729476
0.729410
0.729344
0.729272
0.729206
0.729138
0.729068
0.729001
0.728930
0.728862
0.728796
0.728726
0.728657
0.728589
0.728523
0.728458
0.728388
0.728318
0.728252
0.728182
0.728115
0.728047
0.727980
0.727915
0.727847
0.727779
0.727710
0.727642
0.727575
0.727508
0.727439
0.727372
0.727304
0.727235
0.727168
0.727103
0.727038
0.726971
0.726900
0.726833
0.726770
0.726700
0.726631
0.726566
0.726498
0.726430
0.726366
0.726298
0.726228
0.726162
0.726093
0.726029
0.725963
0.725894
0.725830
0.725764
0.725693
0.725631
0.725561
0.725496
0.725429
0.725361
0.725296
0.725228
0.725163
0.725097
0.725033
0.724965
0.724900
0.724831
0.724765
0.724702
0.724633
0.724565
0.724501
0.724437
0.724369
0.724304
0.724237
0.724172
0.724102
0.724041
0.723976
0.723910
0.723843
0.723778
0.723711
0.723644
0.723577
0.723512
0.723446
0.723383
0.723316
0.723251
0.723185
0.723122
0.723053
0.722990
0.722926
0.722862
0.722795
0.722730
0.722662
0.722596
0.722531
0.722467
0.722400
0.722337
0.722273
0.722210
0.722143
0.722079
0.722009
0.721950
0.721880
0.721816
0.721749
0.721689
0.721625
0.721556
0.721494
0.721426
0.721362
0.721300
0.721234
0.721172
0.721108
0.721041
0.720976
0.720911
0.720845
0.720786
0.720719
0.720653
0.720589
0.720524
0.720459
0.720398
0.720332
0.720267
0.720203
0.720140
0.720074
0.720007
0.719947
0.719880
0.719819
0.719755
0.719693
0.719626
0.719564
0.719499
0.719437
0.719371
0.719309
0.719246
0.719180
0.719115
0.719055
0.718989
0.718926
0.718862
0.718799
0.718733
0.718668
0.718607
0.718545
0.718483
0.718417
0.718354
0.718293
0.718226
0.718162
0.718101
0.718038
0.717976
0.717909
0.717849
0.717784
0.717719
0.717657
0.717596
0.717535
0.717472
0.717405
0.717342
0.717280
0.717217
0.717153
0.717091
0.717029
0.716965
0.716903
0.716839
0.716775
0.716713
0.716651
0.716589
0.716527
0.716463
0.716401
0.716339
0.716274
0.716214
0.716150
0.716087
0.716026
0.715965
0.715901
0.715837
0.715775
0.715712
0.715653
0.715591
0.715530
0.715466
0.715401
0.715340
0.715279
0.715217
0.715153
0.715092
0.715034
0.714967
0.714907
0.714845
0.714783
0.714723
0.714659
0.714598
0.714538
0.714473
0.714410
0.714351
0.714288
0.714229
0.714167
0.714105
0.714043
0.713982
0.713918
0.713857
0.713794
0.713734
0.713675
0.713615
0.713550
0.713489
0.713425
0.713367
0.713305
0.713242
0.713183
0.713123
0.713058
0.712999
0.712937
0.712873
0.712817
0.712751
0.712696
0.712633
0.712572
0.712514
0.712449
0.712387
0.712328
0.712265
0.712206
0.712146
0.712081
0.712025
0.711963
0.711899
0.711837
0.711781
0.711719
0.711659
0.711599
0.711536
0.711478
0.711416
0.711354
0.711294
0.711231
0.711175
0.711112
0.711051
0.710992
0.710932
0.710871
0.710812
0.710748
0.710689
0.710631
0.710572
0.710511
0.710450
0.710388
0.710330
0.710270
0.710205
0.710146
0.710085
0.710028
0.709968
0.709905
0.709846
0.709785
0.709726
0.709667
0.709604
0.709547
0.709488
0.709429
0.709366
0.709308
0.709249
0.709190
0.709128
0.709066
0.709009
0.708946
0.708890
0.708830
0.708769
0.708711
0.708651
0.708592
0.708533
0.708473
0.708412
0.708351
0.708293
0.708234
0.708173
0.708114
0.708057
0.707995
0.707937
0.707878
0.707819
0.707761
0.707701
0.707643
0.707586
0.707524
0.707463
0.707405
0.707344
0.707287
0.707227
0.707168
0.707111
0.707051
0.706991
0.706935
0.706875
0.706812
0.706756
0.706696
0.706638
0.706576
0.706519
0.706461
0.706400
0.706341
0.706287
0.706224
0.706166
0.706109
0.706051
0.705992
0.705933
0.705875
0.705815
0.705756
0.705697
0.705639
0.705579
0.705520
0.705465
0.705403
0.705347
0.705289
0.705230
0.705173
0.705112
0.705054
0.704992
0.704938
0.704879
0.704822
0.704761
0.704706
0.704647
0.704586
0.704530
0.704470
0.704413
0.704355
0.704298
0.704239
0.704181
0.704122
0.704066
0.704007
0.703951
0.703892
0.703833
0.703773
0.703717
0.703661
0.703602
0.703541
0.703485
0.703427
0.703369
0.703311
0.703253
0.703196
0.703137
0.703080
0.703023
0.702964
0.702908
0.702850
0.702795
0.702735
0.702677
0.702621
0.702563
0.702502
0.702446
0.702390
0.702331
0.702275
0.702216
0.702157
0.702102
0.702045
0.701987
0.701932
0.701873
0.701815
0.701757
0.701701
0.701643
0.701584
0.701527
0.701471
0.701414
0.701354
0.701298
0.701241
0.701184
0.701128
0.701073
0.701014
0.700953
0.700899
0.700842
0.700789
0.700729
0.700671
0.700614
0.700557
0.700502
0.700446
0.700383
0.700330
0.700273
0.700215
0.700156
0.700102
0.700044
0.699989
0.699931
0.699875
0.699818
0.699760
0.699704
0.699648
0.699592
0.699533
0.699477
0.699420
0.699365
0.699307
0.699251
0.699197
0.699140
0.699081
0.699025
0.698968
0.698913
0.698858
0.698797
0.698739
0.698689
0.698627
0.698572
0.698516
0.698459
0.698403
0.698348
0.698292
0.698235
0.698178
0.698121
0.698066
0.698012
0.697954
0.697897
0.697842
0.697787
0.697728
0.697672
0.697617
0.697559
0.697503
0.697447
0.697394
0.697336
0.697279
0.697224
0.697171
0.697111
0.697056
0.697001
0.696945
0.696889
0.696833
0.696775
0.696720
0.696663
0.696609
0.696552
0.696496
0.696443
0.696383
0.696329
0.696273
0.696218
0.696163
0.696106
0.696051
0.695993
0.695938
0.695882
0.695826
0.695772
0.695714
0.695659
0.695603
0.695550
0.695496
0.695439
0.695381
0.695326
0.695267
0.695214
0.695163
0.695104
0.695049
0.694993
0.694940
0.694883
0.694828
0.694770
0.694718
0.694658
0.694605
0.694551
0.694495
0.694441
0.694385
0.694331
0.694275
0.694219
0.694162
0.694106
0.694053
0.693999
0.693943
0.693887
0.693834
0.693780
0.693722
0.693667
0.693611
0.693556
0.693502
0.693445
0.693390
0.693339
0.693282
0.693229
0.693172
0.693118
0.693062
0.693006
0.692953
0.692898
0.692840
0.692787
0.692734
0.692675
0.692620
0.692567
0.692514
0.692459
0.692403
0.692346
0.692291
0.692237
0.692183
0.692131
0.692076
0.692018
0.691966
0.691909
0.691856
0.691801
0.691746
0.691692
0.691635
0.691581
0.691525
0.691473
0.691418
0.691360
0.691310
0.691255
0.691199
0.691143
0.691090
0.691035
0.690982
0.690928
0.690872
0.690817
0.690766
0.690711
0.690653
0.690600
0.690543
0.690492
0.690438
0.690379
0.690325
0.690273
0.690217
0.690167
0.690110
0.690058
0.690001
0.689947
0.689895
0.689839
0.689785
0.689732
0.689678
0.689624
0.689568
0.689517
0.689459
0.689405
0.689352
0.689299
0.689246
0.689190
0.689139
0.689080
0.689025
0.688973
0.688920
0.688863
0.688812
0.688756
0.688703
0.688649
0.688598
0.688540
0.688487
0.688435
0.688377
0.688325
0.688273
0.688216
0.688166
0.688110
0.688053
0.688004
0.687950
0.687897
0.687843
0.687785
0.687732
0.687678
0.687625
0.687571
0.687516
0.687466
0.687412
0.687356
0.687305
0.687250
0.687194
0.687139
0.687088
0.687037
0.686981
0.686929
0.686876
0.686820
0.686764
0.686713
0.686660
0.686608
0.686553
0.686500
0.686449
0.686395
0.686340
0.686286
0.686231
0.686178
0.686124
0.686073
0.686017
0.685966
0.685912
0.685858
0.685801
0.685751
0.685699
0.685645
0.685588
0.685539
0.685485
0.685430
0.685375
0.685323
0.685271
0.685219
0.685163
0.685108
0.685059
0.685009
0.684950
0.684900
0.684844
0.684793
0.684739
0.684683
0.684632
0.684581
0.684528
0.684474
0.684420
0.684367
0.684313
0.684261
0.684207
0.684153
0.684101
0.684047
0.683995
0.683942
0.683889
0.683834
0.683784
0.683730
0.683681
0.683627
0.683575
0.683520
0.683465
0.683416
0.683358
0.683305
0.683254
0.683201
0.683150
0.683094
0.683042
0.682990
0.682936
0.682886
0.682832
0.682778
0.682723
0.682672
0.682619
0.682567
0.682515
0.682461
0.682411
0.682356
0.682301
0.682251
0.682199
0.682145
0.682094
0.682038
0.681987
0.681936
0.681882
0.681833
0.681777
0.681725
0.681672
0.681620
0.681567
0.681514
0.681464
0.681406
0.681357
0.681303
0.681253
0.681198
0.681144
0.681090
0.681040
0.680989
0.680935
0.680885
0.680829
0.680777
0.680726
0.680674
0.680621
0.680567
0.680515
0.680464
0.680411
0.680360
0.680307
0.680257
0.680205
0.680147
0.680098
0.680046
0.679997
0.679942
0.679889
0.679836
0.679785
0.679732
0.679679
0.679633
0.679578
0.679525
0.679470
0.679419
0.679368
0.679315
0.679265
0.679210
0.679158
0.679106
0.679055
0.679002
0.678949
0.678900
0.678847
0.678795
0.678740
0.678691
0.678636
0.678586
0.678532
0.678480
0.678429
0.678380
0.678322
0.678272
0.678218
0.678169
0.678117
0.678063
0.678013
0.677962
0.677907
0.677856
0.677804
0.677754
0.677702
0.677647
0.677599
0.677545
0.677495
0.677445
0.677391
0.677341
0.677286
0.677231
0.677181
0.677133
0.677080
0.677028
0.676977
0.676925
0.676874
0.676818
0.676768
0.676716
0.676666
0.676613
0.676562
0.676509
0.676462
0.676407
0.676355
0.676305
0.676252
0.676201
0.676150
0.676097
0.676042
0.675994
0.675944
0.675894
0.675840
0.675788
0.675733
0.675686
0.675633
0.675582
0.675528
0.675478
0.675430
0.675373
0.675327
0.675269
0.675220
0.675171
0.675114
0.675064
0.675014
0.674965
0.674911
0.674859
0.674809
0.674756
0.674710
0.674655
0.674598
0.674550
0.674499
0.674448
0.674396
0.674345
0.674295
0.674242
0.674190
0.674143
0.674087
0.674036
0.673988
0.673937
0.673882
0.673835
0.673779
0.673729
0.673679
0.673625
0.673578
0.673527
0.673471
0.673422
0.673373
0.673320
0.673271
0.673218
0.673168
0.673114
0.673064
0.673013
0.672960
0.672911
0.672858
0.672809
0.672758
0.672708
0.672659
0.672605
0.672552
0.672502
0.672449
0.672399
0.672349
0.672298
0.672245
0.672193
0.672143
0.672092
0.672042
0.671990
0.671937
0.671888
0.671836
0.671785
0.671735
0.671686
0.671636
0.671578
0.671530
0.671481
0.671431
0.671381
0.671327
0.671278
0.671228
0.671178
0.671129
0.671074
0.671023
0.670973
0.670920
0.670868
0.670821
0.670771
0.670723
0.670668
0.670613
0.670567
0.670519
0.670465
0.670412
0.670363
0.670312
0.670262
0.670214
0.670160
0.670110
0.670058
0.670006
0.669957
0.669908
0.669855
0.669805
0.669757
0.669706
0.669657
0.669602
0.669552
0.669501
0.669451
0.669399
0.669353
0.669297
0.669249
0.669197
0.669147
0.669098
0.669046
0.668997
0.668944
0.668893
0.668843
0.668793
0.668743
0.668691
0.668640
0.668594
0.668540
0.668491
0.668441
0.668391
0.668337
0.668287
0.668236
0.668188
0.668138
0.668088
0.668036
0.667984
0.667935
0.667886
0.667837
0.667787
0.667736
0.667684
0.667633
0.667585
0.667535
0.667482
0.667431
0.667380
0.667332
0.667279
0.667232
0.667181
0.667134
0.667081
0.667029
0.666978
0.666928
0.666878
0.666826
0.666777
0.666727
0.666679
0.666628
0.666582
0.666530
0.666479
0.666424
0.666377
0.666325
0.666275
0.666223
0.666177
0.666126
0.666079
0.666023
0.665974
0.665922
0.665875
0.665827
0.665774
0.665725
0.665676
0.665624
0.665577
0.665524
0.665475
0.665424
0.665373
0.665323
0.665273
0.665223
0.665172
0.665121
0.665074
0.665024
0.664972
0.664923
0.664875
0.664820
0.664775
0.664722
0.664674
0.664621
0.664573
0.664523
0.664476
0.664423
0.664372
0.664326
0.664277
0.664228
0.664176
0.664123
0.664073
0.664026
0.663977
0.663928
0.663875
0.663826
0.663779
0.663726
0.663676
0.663626
0.663576
0.663525
0.663476
0.663424
0.663377
0.663327
0.663279
0.663231
0.663179
0.663129
0.663077
0.663027
0.662981
0.662927
0.662879
0.662830
0.662782
0.662732
0.662679
0.662631
0.662583
0.662530
0.662481
0.662432
0.662382
0.662332
0.662282
0.662236
0.662185
0.662135
0.662087
0.662036
0.661988
0.661935
0.661885
0.661837
0.661788
0.661737
0.661686
0.661639
0.661591
0.661541
0.661493
0.661442
0.661388
0.661343
0.661291
0.661242
0.661192
0.661141
0.661091
0.661046
0.660992
0.660948
0.660895
0.660846
0.660800
0.660751
0.660700
0.660648
0.660602
0.660551
0.660499
0.660450
0.660405
0.660353
0.660301
0.660251
0.660205
0.660158
0.660104
0.660056
0.660006
0.659960
0.659906
0.659859
0.659810
0.659758
0.659710
0.659659
0.659610
0.659560
0.659514
0.659463
0.659416
0.659366
0.659318
0.659266
0.659224
0.659168
0.659121
0.659070
0.659019
0.658975
0.658924
0.658876
0.658823
0.658772
0.658725
0.658677
0.658628
0.658577
0.658530
0.658480
0.658428
0.658383
0.658329
0.658281
0.658232
0.658186
0.658134
0.658085
0.658038
0.657986
0.657938
0.657892
0.657841
0.657792
0.657741
0.657693
0.657641
0.657599
0.657548
0.657499
0.657450
0.657400
0.657349
0.657303
0.657255
0.657201
0.657156
0.657102
0.657055
0.657005
0.656956
0.656911
0.656859
0.656811
0.656761
0.656712
0.656667
0.656618
0.656567
0.656520
0.656470
0.656420
0.656370
0.656323
0.656274
0.656225
0.656179
0.656127
0.656080
0.656030
0.655979
0.655931
0.655880
0.655834
0.655785
0.655738
0.655685
0.655636
0.655590
0.655539
0.655493
0.655443
0.655397
0.655344
0.655299
0.655250
0.655195
0.655154
0.655104
0.655057
0.655005
0.654956
0.654908
0.654860
0.654811
0.654761
0.654714
0.654663
0.654613
0.654568
0.654518
0.654469
0.654416
0.654373
0.654324
0.654271
0.654225
0.654176
0.654130
0.654083
0.654035
0.653984
0.653932
0.653887
0.653840
0.653786
0.653741
0.653690
0.653644
0.653599
0.653547
0.653497
0.653446
0.653402
0.653352
0.653302
0.653254
0.653205
0.653156
0.653111
0.653061
0.653013
0.652960
0.652913
0.652866
0.652817
0.652768
0.652723
0.652673
0.652625
0.652576
0.652526
0.652475
0.652426
0.652379
0.652330
0.652282
0.652236
0.652184
0.652138
0.652091
0.652041
0.651993
0.651945
0.651897
0.651845
0.651801
0.651750
0.651704
0.651658
0.651607
0.651559
0.651508
0.651460
0.651414
0.651365
0.651319
0.651267
0.651225
0.651173
0.651122
0.651078
0.651026
0.650982
0.650929
0.650883
0.650832
0.650787
0.650734
0.650687
0.650640
0.650591
0.650544
0.650495
0.650449
0.650399
0.650352
0.650304
0.650255
0.650207
0.650158
0.650111
0.650062
0.650014
0.649965
0.649915
0.649870
0.649822
0.649776
0.649724
0.649674
0.649628
0.649585
0.649532
0.649486
0.649440
0.649390
0.649338
0.649295
0.649247
0.649195
0.649148
0.649102
0.649050
0.649004
0.648954
0.648910
0.648861
0.648814
0.648765
0.648717
0.648664
0.648620
0.648573
0.648523
0.648477
0.648424
0.648381
0.648332
0.648284
0.648236
0.648186
0.648140
0.648089
0.648043
0.647996
0.647949
0.647898
0.647848
0.647806
0.647757
0.647707
0.647661
0.647609
0.647565
0.647515
0.647467
0.647419
0.647374
0.647326
0.647278
0.647231
0.647181
0.647130
0.647085
0.647041
0.646989
0.646945
0.646893
0.646848
0.646797
0.646752
0.646702
0.646654
0.646606
0.646560
0.646511
0.646459
0.646420
0.646371
0.646327
0.646271
0.646224
0.646174
0.646128
0.646079
0.646035
0.645988
0.645937
0.645892
0.645842
0.645797
0.645749
0.645696
0.645653
0.645606
0.645554
0.645508
0.645462
0.645414
0.645368
0.645320
0.645270
0.645222
0.645177
0.645128
0.645085
0.645032
0.644985
0.644938
0.644891
0.644846
0.644795
0.644747
0.644701
0.644654
0.644603
0.644556
0.644511
0.644461
0.644415
0.644366
0.644318
0.644269
0.644222
0.644177
0.644126
0.644080
0.644030
0.643984
0.643942
0.643893
0.643844
0.643799
0.643749
0.643702
0.643650
0.643606
0.643555
0.643514
0.643462
0.643419
0.643365
0.643316
0.643272
0.643228
0.643178
0.643132
0.643085
0.643038
0.642989
0.642941
0.642893
0.642848
0.642802
0.642752
0.642706
0.642660
0.642610
0.642561
0.642516
0.642467
0.642423
0.642372
0.642328
0.642278
0.642234
0.642190
0.642140
0.642087
0.642042
0.641993
0.641949
0.641902
0.641855
0.641807
0.641762
0.641707
0.641664
0.641619
0.641574
0.641522
0.641472
0.641426
0.641380
0.641337
0.641286
0.641237
0.641192
0.641145
0.641097
0.641047
0.641004
0.640954
0.640909
0.640859
0.640812
0.640769
0.640717
0.640672
0.640624
0.640572
0.640529
0.640482
0.640431
0.640391
0.640342
0.640292
0.640246
0.640201
0.640154
0.640107
0.640058
0.640015
0.639962
0.639920
0.639867
0.639822
0.639778
0.639730
0.639680
0.639632
0.639587
0.639541
0.639493
0.639448
0.639402
0.639350
0.639305
0.639256
0.639211
0.639164
0.639113
0.639066
0.639020
0.638980
0.638930
0.638882
0.638835
0.638787
0.638741
0.638691
0.638646
0.638598
0.638553
0.638508
0.638458
0.638414
0.638366
0.638315
0.638275
0.638220
0.638177
0.638131
0.638081
0.638038
0.637988
0.637940
0.637894
0.637846
0.637802
0.637756
0.637702
0.637657
0.637610
0.637569
0.637520
0.637471
0.637428
0.637385
0.637329
0.637281
0.637235
0.637191
0.637144
0.637096
0.637049
0.637000
0.636956
0.636907
0.636860
0.636817
0.636769
0.636722
0.636674
0.636626
0.636580
0.636533
0.636488
0.636437
0.636391
0.636343
0.636301
0.636256
0.636207
0.636158
0.636109
0.636064
0.636016
0.635971
0.635923
0.635879
0.635827
0.635783
0.635738
0.635693
0.635647
0.635597
0.635546
0.635501
0.635453
0.635409
0.635364
0.635319
0.635270
0.635219
0.635176
0.635132
0.635082
0.635036
0.634989
0.634941
0.634894
0.634846
0.634800
0.634757
0.634709
0.634661
0.634616
0.634569
0.634520
0.634474
0.634429
0.634381
0.634331
0.634288
0.634243
0.634199
0.634148
0.634101
0.634052
0.634005
0.633957
0.633911
0.633865
0.633817
0.633774
0.633731
0.633680
0.633631
0.633585
0.633539
0.633491
0.633442
0.633397
0.633351
0.633304
0.633256
0.633211
0.633163
0.633120
0.633074
0.633026
0.632979
0.632928
0.632887
0.632841
0.632797
0.632745
0.632702
0.632650
0.632603
0.632558
0.632515
0.632470
0.632421
0.632370
0.632324
0.632279
0.632233
0.632187
0.632141
0.632096
0.632046
0.631995
0.631952
0.631905
0.631862
0.631815
0.631770
0.631721
0.631675
0.631632
0.631581
0.631536
0.631490
0.631441
0.631393
0.631346
0.631299
0.631253
0.631206
0.631164
0.631112
0.631067
0.631021
0.630976
0.630933
0.630887
0.630837
0.630789
0.630743
0.630696
0.630649
0.630600
0.630554
0.630512
0.630465
0.630414
0.630371
0.630318
0.630277
0.630228
0.630181
0.630133
0.630089
0.630041
0.629996
0.629954
0.629902
0.629854
0.629805
0.629760
0.629719
0.629675
0.629623
0.629575
0.629529
0.629486
0.629439
0.629388
0.629344
0.629297
0.629246
0.629206
0.629158
0.629110
0.629063
0.629021
0.628973
0.628924
0.628878
0.628829
0.628783
0.628739
0.628693
0.628646
0.628598
0.628551
0.628509
0.628459
0.628416
0.628369
0.628322
0.628274
0.628224
0.628177
0.628134
0.628089
0.628043
0.627994
0.627950
0.627904
0.627858
0.627809
0.627760
0.627714
0.627672
0.627622
0.627572
0.627523
0.627485
0.627439
0.627394
0.627341
0.627297
0.627249
0.627199
0.627157
0.627109
0.627061
0.627017
0.626969
0.626921
0.626875
0.626828
0.626782
0.626741
0.626686
0.626638
0.626597
0.626549
0.626499
0.626453
0.626408
0.626363
0.626316
0.626270
0.626221
0.626173
0.626125
0.626080
0.626035
0.625988
0.625942
0.625897
0.625847
0.625805
0.625760
0.625711
0.625664
0.625619
0.625571
0.625524
0.625474
0.625431
0.625382
0.625337
0.625294
0.625240
0.625194
0.625150
0.625102
0.625058
0.625009
0.624966
0.624916
0.624868
0.624825
0.624779
0.624730
0.624682
0.624632
0.624588
0.624541
0.624495
0.624451
0.624407
0.624357
0.624312
0.624263
0.624217
0.624173
0.624123
0.624071
0.624027
0.623983
0.623936
0.623890
0.623843
0.623795
0.623747
0.623702
0.623655
0.623609
0.623557
0.623510
0.623464
0.623419
0.623376
0.623327
0.623281
0.623233
0.623189
0.623140
0.623091
0.623046
0.623001
0.622952
0.622904
0.622858
0.622813
0.622764
0.622720
0.622672
0.622625
0.622576
0.622528
0.622480
0.622435
0.622388
0.622340
0.622297
0.622249
0.622203
0.622156
0.622107
0.622064
0.622013
0.621966
0.621918
0.621873
0.621827
0.621777
0.621731
0.621682
0.621638
0.621590
0.621543
0.621494
0.621450
0.621405
0.621357
0.621307
0.621260
0.621215
0.621169
0.621121
0.621072
0.621024
0.620976
0.620927
0.620881
0.620842
0.620795
0.620745
0.620700
0.620652
0.620601
0.620555
0.620508
0.620458
0.620412
0.620368
0.620323
0.620274
0.620225
0.620177
0.620133
0.620082
0.620041
0.619990
0.619942
0.619895
0.619845
0.619800
0.619752
0.619705
0.619660
0.619607
0.619564
0.619514
0.619468
0.619421
0.619376
0.619326
0.619277
0.619231
0.619180
0.619137
0.619091
0.619045
0.618994
0.618947
0.618902
0.618853
0.618806
0.618758
0.618713
0.618666
0.618616
0.618566
0.618523
0.618470
0.618422
0.618380
0.618334
0.618284
0.618240
0.618192
0.618143
0.618093
0.618043
0.617995
0.617950
0.617902
0.617855
0.617807
0.617760
0.617717
0.617664
0.617615
0.617563
0.617525
0.617476
0.617424
0.617376
0.617329
0.617279
0.617235
0.617186
0.617140
0.617092
0.617045
0.616994
0.616949
0.616902
0.616851
0.616801
0.616760
0.616712
0.616661
0.616611
0.616567
0.616518
0.616473
0.616422
0.616372
0.616325
0.616278
0.616236
0.616183
0.616132
0.616087
0.616037
0.615992
0.615943
0.615892
0.615844
0.615800
0.615753
0.615705
0.615655
0.615603
0.615559
0.615508
0.615463
0.615416
0.615368
0.615319
0.615273
0.615220
0.615175
0.615123
0.615076
0.615030
0.614976
0.614931
0.614882
0.614837
0.614790
0.614739
0.614689
0.614644
0.614595
0.614545
0.614495
0.614449
0.614399
0.614354
0.614306
0.614256
0.614207
0.614158
0.614111
0.614064
0.614010
0.613962
0.613913
0.613866
0.613815
0.613767
0.613725
0.613675
0.613627
0.613577
0.613525
0.613483
0.613431
0.613379
0.613331
0.613282
0.613236
0.613187
0.613141
0.613089
0.613040
0.612990
0.612942
0.612890
0.612843
0.612795
0.612749
0.612700
0.612651
0.612600
0.612547
0.612500
0.612456
0.612405
0.612358
0.612313
0.612263
0.612213
0.612164
0.612114
0.612061
0.612015
0.611969
0.611917
0.611862
0.611818
0.611767
0.611721
0.611671
0.611626
0.611575
0.611525
0.611472
0.611424
0.611373
0.611324
0.611277
0.611226
0.611177
0.611127
0.611082
0.611030
0.610985
0.610935
0.610882
0.610827
0.610780
0.610733
0.610684
0.610635
0.610587
0.610538
0.610486
0.610437
0.610386
0.610337
0.610289
0.610239
0.610188
0.610140
0.610087
0.610040
0.609990
0.609943
0.609895
0.609844
0.609790
0.609741
0.609691
0.609645
0.609594
0.609546
0.609498
0.609443
0.609395
0.609342
0.609291
0.609244
0.609195
0.609144
0.609095
0.609048
0.608992
0.608947
0.608893
0.608850
0.608797
0.608746
0.608694
0.608642
0.608590
0.608542
0.608494
0.608448
0.608397
0.608350
0.608296
0.608246
0.608193
0.608145
0.608092
0.608044
0.607991
0.607945
0.607892
0.607840
0.607788
0.607744
0.607690
0.607641
0.607589
0.607540
0.607489
0.607435
0.607392
0.607341
0.607288
0.607240
0.607186
0.607134
0.607085
0.607031
0.606983
0.606936
0.606885
0.606836
0.606784
0.606728
0.606680
0.606629
0.606578
0.606529
0.606484
0.606426
0.606373
0.606322
0.606273
0.606226
0.606173
0.606126
0.606069
0.606020
0.605969
0.605917
0.605866
0.605816
0.605766
0.605716
0.605666
0.605612
0.605558
0.605508
0.605456
0.605407
0.605353
0.605306
0.605255
0.605206
0.605154
0.605103
0.605050
0.604997
0.604948
0.604894
0.604843
0.604794
0.604738
0.604690
0.604638
0.604584
0.604536
0.604483
0.604430
0.604380
0.604331
0.604279
0.604229
0.604178
0.604123
0.604071
0.604022
0.603967
0.603916
0.603863
0.603812
0.603764
0.603713
0.603659
0.603609
0.603558
0.603500
0.603452
0.603402
0.603347
0.603294
0.603244
0.603191
0.603140
0.603086
0.603036
0.602988
0.602933
0.602880
0.602825
0.602778
0.602725
0.602675
0.602623
0.602569
0.602513
0.602461
0.602415
0.602360
0.602310
0.602256
0.602204
0.602150
0.602106
0.602047
0.601994
0.601941
0.601887
0.601836
0.601786
0.601733
0.601678
0.601627
0.601574
0.601522
0.601471
0.601416
0.601364
0.601310
0.601257
0.601206
0.601154
0.601101
0.601046
0.600994
0.600942
0.600894
0.600843
0.600786
0.600733
0.600676
0.600624
0.600571
0.600518
0.600469
0.600418
0.600363
0.600310
0.600260
0.600206
0.600154
0.600102
0.600046
0.599993
0.599939
0.599885
0.599833
0.599782
0.599729
0.599675
0.599626
0.599569
0.599513
0.599464
0.599414
0.599357
0.599303
0.599249
0.599198
0.599142
0.599090
0.599037
0.598985
0.598930
0.598877
0.598821
0.598769
0.598714
0.598662
0.598609
0.598556
0.598500
0.598451
0.598396
0.598344
0.598290
0.598234
0.598180
0.598127
0.598077
0.598022
0.597971
0.597916
0.597862
0.597805
0.597752
0.597699
0.597645
0.597589
0.597541
0.597487
0.597434
0.597380
0.597323
0.597271
0.597215
0.597159
0.597107
0.597054
0.597000
0.596944
0.596893
0.596840
0.596785
0.596731
0.596677
0.596621
0.596567
0.596511
0.596462
0.596404
0.596348
0.596300
0.596242
0.596187
0.596134
0.596082
0.596026
0.595972
0.595917
0.595871
0.595815
0.595760
0.595703
0.595648
0.595596
0.595536
0.595481
0.595431
0.595375
0.595321
0.595266
0.595213
0.595161
0.595106
0.595052
0.594996
0.594937
0.594882
0.594830
0.594773
0.594720
0.594666
0.594612
0.594556
0.594503
0.594448
0.594397
0.594339
0.594285
0.594228
0.594175
0.594120
0.594064
0.594011
0.593957
0.593906
0.593848
0.593793
0.593740
0.593679
0.593625
0.593574
0.593518
0.593461
0.593409
0.593354
0.593297
0.593244
0.593190
0.593132
0.593078
0.593024
0.592964
0.592915
0.592855
0.592805
0.592746
0.592694
0.592638
0.592584
0.592531
0.592471
0.592418
0.592362
0.592305
0.592254
0.592196
0.592141
0.592083
0.592028
0.591976
0.591920
0.591861
0.591809
0.591754
0.591701
0.591641
0.591588
0.591532
0.591475
0.591421
0.591366
0.591312
0.591253
0.591198
0.591139
0.591085
0.591032
0.590980
0.590924
0.590866
0.590810
0.590758
0.590700
0.590642
0.590583
0.590530
0.590474
0.590424
0.590370
0.590312
0.590258
0.590201
0.590143
0.590089
0.590029
0.589977
0.589918
0.589861
0.589807
0.589755
0.589701
0.589642
0.589588
0.589530
0.589475
0.589418
0.589362
0.589304
0.589251
0.589190
0.589141
0.589084
0.589027
0.588970
0.588913
0.588856
0.588802
0.588746
0.588693
0.588634
0.588574
0.588520
0.588464
0.588411
0.588355
0.588296
0.588244
0.588187
0.588128
0.588077
0.588020
0.587963
0.587906
0.587847
0.587793
0.587739
0.587678
0.587626
0.587569
0.587514
0.587459
0.587402
0.587345
0.587291
0.587231
0.587172
0.587117
0.587064
0.587008
0.586949
0.586895
0.586839
0.586783
0.586724
0.586668
0.586613
0.586556
0.586501
0.586442
0.586385
0.586331
0.586270
0.586215
0.586162
0.586107
0.586049
0.585994
0.585935
0.585881
0.585823
0.585766
0.585709
0.585652
0.585595
0.585542
0.585485
0.585425
0.585371
0.585315
0.585257
0.585202
0.585143
0.585084
0.585027
0.584971
0.584918
0.584860
0.584800
0.584746
0.584691
0.584634
0.584579
0.584520
0.584466
0.584406
0.584351
0.584294
0.584237
0.584181
0.584125
0.584063
0.584007
0.583943
0.583898
0.583841
0.583786
0.583732
0.583670
0.583611
0.583554
0.583497
0.583438
0.583385
0.583328
0.583273
0.583216
0.583160
0.583102
0.583044
0.582987
0.582930
0.582874
0.582817
0.582760
0.582703
0.582641
0.582590
0.582534
0.582476
0.582420
0.582364
0.582306
0.582247
0.582193
0.582132
0.582075
0.582018
0.581965
0.581907
0.581852
0.581793
0.581738
0.581680
0.581622
0.581566
0.581509
0.581448
0.581395
0.581335
0.581280
0.581223
0.581167
0.581110
0.581052
0.580998
0.580937
0.580884
0.580823
0.580768
0.580710
0.580655
0.580595
0.580540
0.580484
0.580424
0.580370
0.580311
0.580252
0.580199
0.580141
0.580083
0.580028
0.579964
0.579912
0.579852
0.579793
0.579740
0.579684
0.579626
0.579572
0.579513
0.579456
0.579399
0.579341
0.579282
0.579228
0.579172
0.579112
0.579056
0.578999
0.578941
0.578884
0.578825
0.578766
0.578713
0.578656
0.578600
0.578543
0.578482
0.578425
0.578368
0.578312
0.578257
0.578204
0.578145
0.578087
0.578028
0.577969
0.577912
0.577856
0.577798
0.577739
0.577683
0.577630
0.577569
0.577511
0.577456
0.577398
0.577340
0.577285
0.577226
0.577169
0.577110
0.577052
0.576997
0.576941
0.576882
0.576827
0.576773
0.576714
0.576655
0.576598
0.576540
0.576482
0.576428
0.576367
0.576312
0.576257
0.576200
0.576138
0.576084
0.576027
0.575970
0.575913
0.575855
0.575802
0.575741
0.575683
0.575628
0.575567
0.575512
0.575456
0.575401
0.575341
0.575282
0.575226
0.575168
0.575112
0.575055
0.574997
0.574944
0.574883
0.574827
0.574771
0.574710
0.574655
0.574598
0.574542
0.574486
0.574430
0.574368
0.574314
0.574255
0.574195
0.574142
0.574082
0.574025
0.573969
0.573913
0.573854
0.573795
0.573738
0.573685
0.573627
0.573568
0.573511
0.573457
0.573400
0.573338
0.573284
0.573227
0.573167
0.573111
0.573057
0.573002
0.572942
0.572884
0.572826
0.572770
0.572711
0.572656
0.572600
0.572539
0.572485
0.572428
0.572373
0.572315
0.572258
0.572199
0.572141
0.572086
0.572029
0.571974
0.571915
0.571858
0.571802
0.571746
0.571687
0.571635
0.571576
0.571519
0.571459
0.571400
0.571346
0.571289
0.571232
0.571175
0.571118
0.571063
0.571007
0.570948
0.570892
0.570836
0.570779
0.570719
0.570663
0.570609
0.570550
0.570492
0.570433
0.570379
0.570323
0.570265
0.570211
0.570150
0.570097
0.570043
0.569981
0.569922
0.569867
0.569809
0.569753
0.569697
0.569640
0.569585
0.569525
0.569469
0.569414
0.569357
0.569298
0.569242
0.569185
0.569130
0.569073
0.569017
0.568959
0.568904
0.568845
0.568788
0.568732
0.568676
0.568620
0.568562
0.568505
0.568449
0.568394
0.568336
0.568281
0.568225
0.568168
0.568107
0.568054
0.567996
0.567941
0.567880
0.567827
0.567771
0.567715
0.567656
0.567603
0.567541
0.567484
0.567429
0.567375
0.567316
0.567262
0.567205
0.567147
0.567089
0.567032
0.566976
0.566919
0.566865
0.566808
0.566752
0.566696
0.566640
0.566580
0.566523
0.566469
0.566416
0.566359
0.566301
0.566242
0.566189
0.566133
0.566076
0.566019
0.565963
0.565907
0.565852
0.565792
0.565737
0.565681
0.565623
0.565570
0.565513
0.565455
0.565399
0.565344
0.565288
0.565231
0.565175
0.565120
0.565064
0.565006
0.564946
0.564893
0.564836
0.564780
0.564726
0.564672
0.564613
0.564560
0.564503
0.564443
0.564388
0.564332
0.564275
0.564226
0.564165
0.564107
0.564055
0.563997
0.563939
0.563885
0.563831
0.563775
0.563718
0.563657
0.563605
0.563546
0.563493
0.563436
0.563382
0.563326
0.563271
0.563214
0.563155
0.563100
0.563046
0.562989
0.562932
0.562875
0.562821
0.562767
0.562710
0.562651
0.562599
0.562543
0.562487
0.562432
0.562375
0.562322
0.562263
0.562207
0.562152
0.562096
0.562040
0.561984
0.561928
0.561874
0.561819
0.561761
0.561707
0.561653
0.561595
0.561539
0.561481
0.561428
0.561372
0.561318
0.561261
0.561208
0.561152
0.561094
0.561042
0.560985
0.560931
0.560874
0.560817
0.560761
0.560706
0.560648
0.560597
0.560540
0.560486
0.560429
0.560375
0.560317
0.560260
0.560204
0.560150
0.560098
0.560042
0.559988
0.559933
0.559878
0.559820
0.559766
0.559709
0.559656
0.559600
0.559545
0.559492
0.559433
0.559382
0.559326
0.559269
0.559215
0.559160
0.559105
0.559048
0.558992
0.558938
0.558883
0.558830
0.558774
0.558716
0.558662
0.558607
0.558551
0.558499
0.558444
0.558389
0.558335
0.558278
0.558220
0.558170
0.558114
0.558057
0.558003
0.557947
0.557895
0.557837
0.557782
0.557726
0.557672
0.557620
0.557564
0.557507
0.557457
0.557401
0.557347
0.557289
0.557234
0.557177
0.557123
0.557071
0.557014
0.556962
0.556904
0.556852
0.556795
0.556738
0.556685
0.556633
0.556580
0.556525
0.556469
0.556416
0.556359
0.556305
0.556252
0.556197
0.556144
0.556088
0.556035
0.555976
0.555928
0.555869
0.555819
0.555762
0.555708
0.555657
0.555597
0.555544
0.555486
0.555436
0.555378
0.555328
0.555275
0.555220
0.555166
0.555109
0.555056
0.555002
0.554946
0.554894
0.554839
0.554787
0.554732
0.554675
0.554621
0.554570
0.554513
0.554460
0.554406
0.554354
0.554298
0.554245
0.554190
0.554135
0.554081
0.554028
0.553973
0.553920
0.553866
0.553811
0.553759
0.553704
0.553650
0.553598
0.553545
0.553492
0.553433
0.553382
0.553327
0.553276
0.553218
0.553164
0.553112
0.553061
0.553004
0.552950
0.552897
0.552844
0.552791
0.552736
0.552685
0.552631
0.552576
0.552519
0.552468
0.552413
0.552361
0.552308
0.552251
0.552198
0.552146
0.552092
0.552039
0.551982
0.551933
0.551880
0.551823
0.551774
0.551719
0.551663
0.551615
0.551557
0.551503
0.551451
0.551397
0.551344
0.551289
0.551236
0.551183
0.551134
0.551078
0.551025
0.550972
0.550919
0.550864
0.550811
0.550760
0.550705
0.550651
0.550600
0.550543
0.550493
0.550439
0.550385
0.550333
0.550282
0.550227
0.550173
0.550120
0.550069
0.550016
0.549964
0.549908
0.549856
0.549804
0.549751
0.549699
0.549644
0.549593
0.549539
0.549485
0.549434
0.549381
0.549328
0.549276
0.549223
0.549170
0.549116
0.549066
0.549011
0.548958
0.548904
0.548854
0.548803
0.548749
0.548697
0.548645
0.548588
0.548536
0.548484
0.548431
0.548381
0.548330
0.548274
0.548221
0.548169
0.548115
0.548064
0.548010
0.547959
0.547908
0.547854
0.547801
0.547750
0.547697
0.547644
0.547592
0.547539
0.547489
0.547438
0.547384
0.547331
0.547281
0.547226
0.547174
0.547122
0.547070
0.547016
0.546968
0.546915
0.546862
0.546811
0.546758
0.546704
0.546655
0.546601
0.546549
0.546498
0.546447
0.546393
0.546339
0.546290
0.546237
0.546184
0.546134
0.546080
0.546029
0.545977
0.545925
0.545873
0.545820
0.545768
0.545717
0.545665
0.545613
0.545562
0.545511
0.545457
0.545405
0.545354
0.545303
0.545254
0.545200
0.545147
0.545098
0.545047
0.544992
0.544940
0.544893
0.544836
0.544787
0.544735
0.544682
0.544633
0.544583
0.544528
0.544476
0.544427
0.544373
0.544322
0.544269
0.544219
0.544169
0.544120
0.544064
0.544016
0.543960
0.543911
0.543862
0.543809
0.543757
0.543707
0.543652
0.543601
0.543551
0.543500
0.543450
0.543400
0.543346
0.543296
0.543246
0.543191
0.543140
0.543091
0.543039
0.542989
0.542940
0.542887
0.542836
0.542785
0.542734
0.542681
0.542632
0.542578
0.542528
0.542479
0.542426
0.542376
0.542325
0.542275
0.542224
0.542172
0.542119
0.542071
0.542020
0.541968
0.541917
0.541869
0.541816
0.541765
0.541714
0.541664
0.541613
0.541561
0.541512
0.541462
0.541411
0.541361
0.541309
0.541259
0.541209
0.541153
0.541106
0.541054
0.541003
0.540957
0.540902
0.540852
0.540801
0.540754
0.540703
0.540649
0.540603
0.540552
0.540498
0.540449
0.540399
0.540346
0.540299
0.540248
0.540198
0.540147
0.540101
0.540046
0.539995
0.539945
0.539896
0.539847
0.539795
0.539747
0.539696
0.539647
0.539596
0.539544
0.539497
0.539444
0.539394
0.539345
0.539296
0.539243
0.539197
0.539145
0.539093
0.539043
0.538993
0.538945
0.538893
0.538846
0.538795
0.538744
0.538695
0.538645
0.538592
0.538545
0.538494
0.538445
0.538395
0.538345
0.538296
0.538244
0.538196
0.538147
0.538094
0.538048
0.537997
0.537947
0.537898
0.537849
0.537799
0.537747
0.537699
0.537651
0.537602
0.537552
0.537501
0.537450
0.537400
0.537351
0.537302
0.537253
0.537202
0.537154
0.537103
0.537054
0.537006
0.536956
0.536906
0.536857
0.536807
0.536757
0.536710
0.536659
0.536609
0.536561
0.536512
0.536463
0.536414
0.536362
0.536311
0.536264
0.536214
0.536166
0.536117
0.536068
0.536019
0.535967
0.535921
0.535870
0.535822
0.535773
0.535725
0.535673
0.535625
0.535577
0.535525
0.535479
0.535429
0.535382
0.535330
0.535282
0.535233
0.535184
0.535135
0.535086
0.535038
0.534987
0.534939
0.534891
0.534838
0.534792
0.534743
0.534694
0.534643
0.534595
0.534547
0.534499
0.534452
0.534402
0.534351
0.534304
0.534256
0.534206
0.534158
0.534108
0.534061
0.534012
0.533964
0.533915
0.533866
0.533817
0.533767
0.533720
0.533672
0.533622
0.533577
0.533528
0.533481
0.533430
0.533381
0.533333
0.533284
0.533235
0.533188
0.533140
0.533093
0.533044
0.532993
0.532947
0.532897
0.532849
0.532799
0.532752
0.532704
0.532658
0.532609
0.532561
0.532512
0.532463
0.532415
0.532366
0.532319
0.532268
0.532224
0.532175
0.532125
0.532076
0.532030
0.531981
0.531934
0.531886
0.531836
0.531790
0.531740
0.531691
0.531645
0.531597
0.531548
0.531502
0.531452
0.531406
0.531358
0.531309
0.531262
0.531213
0.531165
0.531116
0.531069
0.531024
0.530974
0.530926
0.530879
0.530831
0.530782
0.530734
0.530684
0.530639
0.530591
0.530543
0.530495
0.530450
0.530401
0.530352
0.530305
0.530257
0.530208
0.530162
0.530112
0.530066
0.530020
0.529971
0.529924
0.529874
0.529829
0.529780
0.529734
0.529685
0.529639
0.529593
0.529544
0.529496
0.529448
0.529400
0.529354
0.529307
0.529259
0.529213
0.529166
0.529118
0.529069
0.529022
0.528976
0.528928
0.528882
0.528832
0.528788
0.528738
0.528692
0.528644
0.528596
0.528548
0.528503
0.528454
0.528407
0.528360
0.528315
0.528266
0.528219
0.528171
0.528125
0.528078
0.528031
0.527984
0.527936
0.527892
0.527843
0.527796
0.527750
0.527701
0.527657
0.527608
0.527560
0.527515
0.527468
0.527421
0.527373
0.527328
0.527280
0.527234
0.527187
0.527141
0.527093
0.527046
0.527000
0.526953
0.526905
0.526859
0.526813
0.526767
0.526720
0.526672
0.526624
0.526577
0.526532
0.526485
0.526439
0.526391
0.526348
0.526299
0.526251
0.526204
0.526158
0.526111
0.526065
0.526018
0.525972
0.525927
0.525880
0.525830
0.525787
0.525741
0.525694
0.525647
0.525602
0.525556
0.525508
0.525462
0.525416
0.525367
0.525321
0.525277
0.525230
0.525182
0.525136
0.525090
0.525045
0.524996
0.524951
0.524907
0.524858
0.524815
0.524768
0.524722
0.524676
0.524630
0.524581
0.524535
0.524490
0.524443
0.524399
0.524354
0.524304
0.524258
0.524212
0.524165
0.524121
0.524074
0.524030
0.523983
0.523938
0.523891
0.523846
0.523801
0.523754
0.523705
0.523661
0.523615
0.523569
0.523523
0.523475
0.523431
0.523386
0.523339
0.523294
0.523248
0.523202
0.523155
0.523111
0.523066
0.523017
0.522974
0.522925
0.522881
0.522834
0.522789
0.522745
0.522699
0.522653
0.522609
0.522562
0.522516
0.522470
0.522426
0.522379
0.522333
0.522288
0.522242
0.522199
0.522150
0.522104
0.522059
0.522014
0.521967
0.521923
0.521879
0.521833
0.521789
0.521742
0.521698
0.521651
0.521604
0.521561
0.521515
0.521468
0.521421
0.521379
0.521332
0.521287
0.521244
0.521196
0.521152
0.521106
0.521062
0.521016
0.520970
0.520926
0.520879
0.520835
0.520789
0.520744
0.520697
0.520653
0.520608
0.520563
0.520520
0.520472
0.520427
0.520382
0.520336
0.520293
0.520249
0.520201
0.520156
0.520112
0.520068
0.520022
0.519977
0.519933
0.519886
0.519842
0.519797
0.519751
0.519706
0.519663
0.519618
0.519571
0.519529
0.519484
0.519436
0.519391
0.519346
0.519303
0.519258
0.519212
0.519167
0.519123
0.519079
0.519034
0.518988
0.518942
0.518900
0.518855
0.518810
0.518765
0.518719
0.518676
0.518631
0.518587
0.518539
0.518495
0.518450
0.518407
0.518362
0.518317
0.518272
0.518228
0.518186
0.518139
0.518092
0.518048
0.518004
0.517960
0.517916
0.517871
0.517827
0.517783
0.517739
0.517691
0.517650
0.517604
0.517558
0.517515
0.517472
0.517426
0.517381
0.517338
0.517295
0.517248
0.517204
0.517158
0.517116
0.517072
0.517027
0.516982
0.516939
0.516894
0.516851
0.516803
0.516763
0.516717
0.516671
0.516628
0.516583
0.516540
0.516496
0.516452
0.516409
0.516363
0.516318
0.516275
0.516232
0.516186
0.516143
0.516098
0.516054
0.516009
0.515966
0.515921
0.515878
0.515833
0.515790
0.515746
0.515701
0.515658
0.515613
0.515569
0.515525
0.515481
0.515437
0.515395
0.515351
0.515304
0.515263
0.515218
0.515173
0.515129
0.515086
0.515043
0.514998
0.514955
0.514910
0.514865
0.514823
0.514777
0.514735
0.514693
0.514647
0.514605
0.514561
0.514517
0.514471
0.514427
0.514383
0.514341
0.514298
0.514255
0.514211
0.514166
0.514123
0.514081
0.514035
0.513993
0.513949
0.513904
0.513861
0.513817
0.513771
0.513730
0.513686
0.513643
0.513601
0.513556
0.513512
0.513468
0.513423
0.513382
0.513341
0.513296
0.513249
0.513208
0.513165
0.513121
0.513077
0.513032
0.512992
0.512946
0.512903
0.512860
0.512817
0.512773
0.512729
0.512688
0.512643
0.512600
0.512555
0.512513
0.512471
0.512428
0.512382
0.512339
0.512298
0.512252
0.512208
0.512167
0.512121
0.512080
0.512035
0.511993
0.511951
0.511907
0.511866
0.511823
0.511779
0.511736
0.511693
0.511648
0.511604
0.511564
0.511520
0.511475
0.511433
0.511389
0.511347
0.511303
0.511260
0.511217
0.511173
0.511130
0.511088
0.511045
0.511003
0.510960
0.510915
0.510873
0.510831
0.510789
0.510745
0.510702
0.510659
0.510616
0.510573
0.510530
0.510486
0.510445
0.510402
0.510358
0.510314
0.510272
0.510229
0.510187
0.510145
0.510101
0.510059
0.510014
0.509972
0.509930
0.509887
0.509843
0.509802
0.509761
0.509718
0.509673
0.509631
0.509587
0.509547
0.509504
0.509460
0.509418
0.509376
0.509334
0.509291
0.509248
0.509206
0.509161
0.509118
0.509076
0.509034
0.508992
0.508948
0.508905
0.508863
0.508818
0.508778
0.508737
0.508692
0.508651
0.508609
0.508565
0.508523
0.508479
0.508439
0.508398
0.508354
0.508311
0.508270
0.508227
0.508185
0.508143
0.508102
0.508057
0.508014
0.507973
0.507929
0.507888
0.507845
0.507803
0.507759
0.507720
0.507677
0.507633
0.507590
0.507548
0.507506
0.507464
0.507421
0.507379
0.507339
0.507295
0.507254
0.507212
0.507169
0.507128
0.507085
0.507042
0.507001
0.506958
0.506914
0.506876
0.506834
0.506791
0.506749
0.506706
0.506662
0.506621
0.506579
0.506536
0.506496
0.506452
0.506412
0.506368
0.506327
0.506286
0.506243
0.506201
0.506160
0.506118
0.506076
0.506034
0.505993
0.505950
0.505907
0.505866
0.505823
0.505783
0.505741
0.505699
0.505658
0.505614
0.505572
0.505530
0.505487
0.505447
0.505406
0.505363
0.505320
0.505279
0.505239
0.505194
0.505154
0.505112
0.505071
0.505028
0.504986
0.504945
0.504902
0.504864
0.504821
0.504776
0.504738
0.504697
0.504653
0.504611
0.504570
0.504529
0.504487
0.504444
0.504403
0.504363
0.504319
0.504279
0.504237
0.504195
0.504156
0.504113
0.504069
0.504030
0.503986
0.503945
0.503903
0.503863
0.503820
0.503779
0.503737
0.503697
0.503655
0.503615
0.503570
0.503530
0.503489
0.503447
0.503407
0.503364
0.503324
0.503284
0.503242
0.503198
0.503157
