0.868975
0.869659
0.870697
0.871955
0.873276
0.87451
0.875527
0.876244
0.876621
0.87667
0.876442
0.87601
0.875461
0.874878
0.874327
0.873858
0.873497
0.87325
0.87311
0.873057
0.873069
0.873123
0.8732
0.873284
0.873364
0.873435
0.873492
0.873538
0.873571
0.873595
0.873611
0.873622
0.873629
0.873633
0.873636
0.873637
0.873638
0.873639
0.873639
0.873639
0.873639
0.873639
0.873639
0.873639
0.873639
0.873639
0.873639
0.873639
0.873639
0.873639
0.873639
0.873639
0.873639
0.873639
0.873639
0.873639
0.873639
0.873639
0.873639
0.873639
0.873639
0.873639
0.873639
0.873639
0.873639
0.873639
0.873639
0.873639
0.873639
0.873639
0.873639
0.873639
0.873639
0.873639
0.873639
0.873639
0.873639
0.873639
0.873639
0.873639
0.873639
0.873639
0.873639
0.873639
0.873639
0.873639
0.873639
0.873639
0.873639
0.873639
0.873639
0.873639
0.873639
0.873639
0.873639
0.873639
0.873639
0.873639
0.873639
0.873639
0.873639
0.873639
0.873639
0.873639
0.873639
0.873639
0.873639
0.873639
0.873639
0.87364
0.87364
0.87364
0.873641
0.873643
0.873645
0.873648
0.873654
0.873661
0.873673
0.873689
0.873713
0.873746
0.873792
0.873855
0.87394
0.874053
0.874205
0.874405
0.874667
0.875008
0.875446
0.876002
0.876694
0.877539
0.878547
0.879712
0.881014
0.882406
0.883816
0.885146
0.886272
0.88706
0.887373
0.887098
0.886161
0.884549
0.882325
0.879631
0.876683
0.873752
0.871128
0.869088
0.867854
0.867557
0.868216
0.869734
0.871906
0.874454
0.87706
0.879413
0.881252
0.882393
0.882748
0.882327
0.88122
0.87958
0.877591
0.87544
0.873295
0.871289
0.869514
0.868018
0.866812
0.865881
0.865191
0.864699
0.864362
0.864141
0.864
0.863915
0.863865
0.863837
0.863821
0.863814
0.86381
0.863808
0.863807
0.863807
0.863807
0.863807
0.863807
0.863807
0.863807
0.863807
0.863807
0.863807
0.863807
0.863807
0.863807
0.863807
0.863807
0.863807
0.863807
0.863807
0.863807
0.863807
0.863807
0.863807
0.863807
0.863807
0.863807
0.863807
0.863807
0.863807
0.863807
0.863807
0.863807
0.863807
0.863807
0.863807
0.863807
0.863807
0.863807
0.863807
0.863807
0.863807
0.863807
0.863807
0.863807
0.863807
0.863807
0.863807
0.863807
0.863807
0.863807
0.863807
0.863807
0.863807
0.863807
0.863807
0.863807
0.863807
0.863807
0.863807
0.863807
0.863807
0.863807
0.863807
0.863807
0.863807
0.863807
0.863807
0.863807
0.863807
0.863807
0.863807
0.863806
0.863806
0.863806
0.863805
0.863804
0.863802
0.8638
0.863796
0.863791
0.863783
0.863771
0.863756
0.863735
0.863709
0.863675
0.863635
0.863588
0.863537
0.863485
0.863438
0.863404
0.863395
0.863422
0.863499
0.863638
0.863849
0.864134
0.86449
0.864898
0.865328
0.865739
0.866076
0.86628
0.866293
0.866069
0.865582
0.864835
0.863868
0.862757
0.861608
0.860549
0.85971
0.859207
0.85912
0.859481
0.860262
0.86138
0.862705
0.864079
0.865343
0.866358
0.867026
0.867304
0.867204
0.866788
0.866152
0.865409
0.864665
0.864008
0.863497
0.863155
0.862979
0.862942
0.863006
0.86313
0.863278
0.863423
0.863547
0.863644
0.863712
0.863757
0.863783
0.863797
0.863804
0.863806
0.863807
0.863807
0.863807
0.863807
0.863807
0.863807
0.863807
0.863807
0.863807
0.863807
0.863807
0.863807
0.863807
0.863807
0.863807
0.863807
0.863807
0.863807
0.863807
0.863807
0.863807
0.863807
0.863807
0.863807
0.863807
0.863807
0.863807
0.863807
0.863807
0.863807
0.863807
0.863807
0.863807
0.863807
0.863807
0.863807
0.863807
0.863807
0.863807
0.863807
0.863807
0.863807
0.863807
0.863807
0.863807
0.863807
0.863807
0.863807
0.863807
0.863807
0.863807
0.863807
0.863807
0.863807
0.863807
0.863807
0.863807
0.863807
0.863807
0.863807
0.863807
0.863807
0.863807
0.863807
0.863807
0.863807
0.863807
0.863807
0.863807
0.863807
0.863807
0.863807
0.863807
0.863808
0.863808
0.86381
0.863811
0.863814
0.863819
0.863826
0.863836
0.863852
0.863876
0.863911
0.863961
0.864032
0.864131
0.864266
0.864448
0.864688
0.865001
0.865398
0.865892
0.866495
0.867212
0.868043
0.868981
0.870005
0.871083
0.872169
0.873204
0.874118
0.874835
0.875278
0.875379
0.875088
0.874381
0.873271
0.871809
0.870092
0.868249
0.866442
0.864842
0.863614
0.862898
0.862784
0.863304
0.864417
0.866017
0.86794
0.86998
0.87192
0.87355
0.874701
0.875255
0.875162
0.874439
0.87316
0.871445
0.869436
0.867282
0.865122
0.863068
0.861202
0.859574
0.858205
0.857092
0.856217
0.855551
0.85506
0.854712
0.854476
0.854323
0.854231
0.85418
0.854156
0.854147
0.854146
0.854148
0.854151
0.854153
0.854153
0.854154
0.854153
0.854153
0.854153
0.854153
0.854153
0.854153
0.854153
0.854153
0.854153
0.854153
0.854153
0.854153
0.854153
0.854153
0.854153
0.854153
0.854153
0.854153
0.854153
0.854153
0.854153
0.854153
0.854153
0.854153
0.854153
0.854153
0.854153
0.854153
0.854153
0.854153
0.854153
0.854153
0.854153
0.854153
0.854153
0.854153
0.854153
0.854153
0.854153
0.854153
0.854153
0.854153
0.854153
0.854153
0.854153
0.854153
0.854153
0.854153
0.854153
0.854153
0.854153
0.854153
0.854153
0.854153
0.854153
0.854153
0.854153
0.854153
0.854153
0.854153
0.854153
0.854153
0.854153
0.854153
0.854153
0.854153
0.854153
0.854153
0.854153
0.854152
0.854152
0.854152
0.854151
0.85415
0.854149
0.854147
0.854144
0.854139
0.854134
0.854126
0.854115
0.854102
0.854084
0.854063
0.854037
0.854007
0.853973
0.853937
0.853901
0.85387
0.853848
0.853842
0.853859
0.853908
0.853998
0.854135
0.854323
0.854564
0.85485
0.855169
0.855498
0.855807
0.856058
0.856209
0.85622
0.856053
0.855685
0.855112
0.85435
0.853446
0.852469
0.851513
0.85068
0.850077
0.849791
0.849884
0.850374
0.851231
0.852378
0.853696
0.855039
0.856256
0.857211
0.857805
0.857987
0.857767
0.857205
0.856406
0.855497
0.854606
0.853841
0.853279
0.852952
0.852851
0.852937
0.853148
0.853419
0.85369
0.85392
0.854086
0.854185
0.854226
0.854227
0.854207
0.854182
0.854161
0.854148
0.854143
0.854144
0.854148
0.854151
0.854154
0.854154
0.854154
0.854154
0.854153
0.854153
0.854153
0.854153
0.854153
0.854153
0.854153
0.854153
0.854153
0.854153
0.854153
0.854153
0.854153
0.854153
0.854153
0.854153
0.854153
0.854153
0.854153
0.854153
0.854153
0.854153
0.854153
0.854153
0.854153
0.854153
0.854153
0.854153
0.854153
0.854153
0.854153
0.854153
0.854153
0.854153
0.854153
0.854153
0.854153
0.854153
0.854153
0.854153
0.854153
0.854153
0.854153
0.854153
0.854153
0.854153
0.854153
0.854153
0.854153
0.854153
0.854153
0.854153
0.854153
0.854153
0.854153
0.854153
0.854153
0.854153
0.854153
0.854153
0.854153
0.854153
0.854153
0.854153
0.854154
0.854154
0.854155
0.854156
0.854157
0.854159
0.854162
0.854166
0.854172
0.85418
0.854191
0.854206
0.854226
0.854252
0.854287
0.854333
0.854393
0.854469
0.854566
0.854688
0.854841
0.85503
0.855263
0.855546
0.855887
0.856293
0.856772
0.857327
0.857962
0.858676
0.859459
0.860297
0.861165
0.86203
0.862844
0.863552
0.86409
0.864391
0.864387
0.864023
0.863263
0.862097
0.860553
0.858702
0.856657
0.854573
0.852633
0.851034
0.849966
0.849583
0.849983
0.851189
0.853132
0.855653
0.858515
0.861427
0.864073
0.866159
0.867444
0.867777
0.867114
0.865524
0.863176
0.860309
0.857204
0.854133
0.851333
0.848972
0.847143
0.845855
0.845055
0.844646
0.84451
0.844535
0.844626
0.844719
0.844781
0.844801
0.844788
0.844756
0.844721
0.844692
0.844674
0.844667
0.844668
0.844672
0.844676
0.844678
0.844678
0.844676
0.844675
0.844674
0.844673
0.844673
0.844673
0.844673
0.844673
0.844673
0.844673
0.844673
0.844673
0.844673
0.844673
0.844673
0.844673
0.844673
0.844673
0.844673
0.844673
0.844673
0.844673
0.844673
0.844673
0.844673
0.844673
0.844673
0.844673
0.844673
0.844673
0.844673
0.844673
0.844673
0.844673
0.844673
0.844673
0.844673
0.844673
0.844673
0.844673
0.844673
0.844673
0.844673
0.844673
0.844673
0.844673
0.844673
0.844673
0.844673
0.844673
0.844673
0.844673
0.844673
0.844673
0.844673
0.844673
0.844673
0.844673
0.844673
0.844672
0.844672
0.844671
0.844671
0.844669
0.844668
0.844666
0.844662
0.844658
0.844653
0.844645
0.844636
0.844624
0.844609
0.844592
0.844571
0.844547
0.844522
0.844495
0.844469
0.844446
0.844431
0.844427
0.844439
0.844473
0.844536
0.844631
0.844764
0.844935
0.845144
0.845382
0.845639
0.845896
0.846131
0.846315
0.846418
0.846409
0.846261
0.845956
0.845486
0.844864
0.844117
0.843296
0.842467
0.84171
0.84111
0.840747
0.840685
0.840961
0.841579
0.8425
0.843648
0.844913
0.846164
0.847266
0.848098
0.84857
0.848636
0.848305
0.847634
0.846727
0.845712
0.844723
0.843884
0.843281
0.84296
0.842918
0.84311
0.843464
0.843891
0.844309
0.844652
0.844882
0.844991
0.844995
0.844927
0.844824
0.844722
0.844644
0.844603
0.844595
0.844612
0.84464
0.844668
0.844687
0.844694
0.844692
0.844685
0.844676
0.84467
0.844667
0.844667
0.84467
0.844673
0.844675
0.844675
0.844675
0.844674
0.844673
0.844673
0.844673
0.844673
0.844673
0.844673
0.844673
0.844673
0.844673
0.844673
0.844673
0.844673
0.844673
0.844673
0.844673
0.844673
0.844673
0.844673
0.844673
0.844673
0.844673
0.844673
0.844673
0.844673
0.844673
0.844673
0.844673
0.844673
0.844673
0.844673
0.844673
0.844673
0.844673
0.844673
0.844673
0.844673
0.844673
0.844673
0.844673
0.844673
0.844673
0.844673
0.844673
0.844673
0.844673
0.844673
0.844674
0.844674
0.844674
0.844674
0.844675
0.844676
