0.868943
0.869403
0.869791
0.869782
0.869092
0.867509
0.864914
0.86129
0.856715
0.851345
0.845383
0.839055
0.83258
0.826146
0.819899
0.813938
0.808313
0.803032
0.798076
0.793406
0.788972
0.784725
0.780619
0.776615
0.772684
0.768804
0.764959
0.761142
0.757345
0.753567
0.749807
0.746063
0.742337
0.738627
0.734936
0.731262
0.727606
0.723969
0.720349
0.716748
0.713164
0.709598
0.706051
0.70252
0.699008
0.695513
0.692035
0.688575
0.685133
0.681707
0.678299
0.674907
0.671533
0.668175
0.664834
0.66151
0.658203
0.654912
0.651638
0.64838
0.645138
0.641912
0.638703
0.635509
0.632332
0.62917
0.626025
0.622895
0.61978
0.616681
0.613598
0.61053
0.607478
0.604441
0.601418
0.598411
0.595419
0.592442
0.58948
0.586532
0.5836
0.580682
0.577778
0.57489
0.572015
0.569156
0.56631
0.563479
0.560661
0.557858
0.555069
0.552294
0.549532
0.546785
0.544051
0.541331
0.538624
0.535931
0.533252
0.530585
0.527932
0.525293
0.522667
0.520053
0.517453
0.514866
0.512292
0.50973
0.507182
0.504646
0.502123
0.499613
0.497116
0.494632
0.492161
0.489704
0.487261
0.484833
0.482421
0.480029
0.477658
0.475312
0.472996
0.470718
0.468486
0.466312
0.46421
0.462195
0.460289
0.458511
0.456882
0.455422
0.454147
0.453062
0.452161
0.45142
0.450795
0.450215
0.449586
0.448792
0.447703
0.446185
0.444114
0.441394
0.437974
0.433862
0.42913
0.423919
0.418429
0.412897
0.407579
0.402713
0.398495
0.395055
0.392441
0.390614
0.38946
0.388806
0.388449
0.388179
0.387809
0.387196
0.386247
0.384927
0.383248
0.381262
0.379043
0.376676
0.374239
0.3718
0.369407
0.367092
0.364869
0.36274
0.360698
0.35873
0.356824
0.354966
0.353144
0.35135
0.349577
0.34782
0.346076
0.344343
0.34262
0.340907
0.339202
0.337506
0.335818
0.334139
0.332468
0.330806
0.329152
0.327506
0.325868
0.324239
0.322618
0.321005
0.3194
0.317803
0.316213
0.314632
0.313059
0.311494
0.309936
0.308387
0.306845
0.30531
0.303784
0.302265
0.300753
0.29925
0.297753
0.296264
0.294783
0.293309
0.291843
0.290383
0.288931
0.287487
0.286049
0.284619
0.283196
0.28178
0.280371
0.278969
0.277574
0.276186
0.274805
0.273431
0.272064
0.270704
0.26935
0.268003
0.266663
0.26533
0.264003
0.262683
0.26137
0.260063
0.258762
0.257469
0.256181
0.2549
0.253626
0.252358
0.251096
0.24984
0.248591
0.247348
0.246111
0.244881
0.243656
0.242438
0.241226
0.240019
0.238819
0.237625
0.236437
0.235254
0.234077
0.232906
0.231741
0.23058
0.229425
0.228274
0.227126
0.225983
0.224841
0.223701
0.22256
0.221418
0.220272
0.219121
0.217961
0.216791
0.215609
0.214412
0.213198
0.211966
0.210714
0.209441
0.208147
0.206834
0.205503
0.204159
0.202806
0.201455
0.200117
0.198811
0.197555
0.196376
0.195301
0.194355
0.193565
0.192947
0.192509
0.192245
0.192132
0.192131
0.19219
0.192246
0.192231
0.192081
0.191744
0.191184
0.190387
0.189363
0.188142
0.186769
0.1853
0.183792
0.182299
0.180862
0.179509
0.178253
0.177097
0.176031
0.17504
0.174107
0.173214
0.172346
0.171493
0.170648
0.169807
0.168966
0.168128
0.167291
0.166456
0.165625
0.164797
0.163973
0.163153
0.162337
0.161526
0.160718
0.159914
0.159115
0.158319
0.157528
0.15674
0.155956
0.155177
0.154401
0.153629
0.152861
0.152096
0.151336
0.150579
0.149826
0.149077
0.148332
0.14759
0.146852
0.146118
0.145387
0.14466
0.143937
0.143217
0.142501
0.141789
0.14108
0.140375
0.139673
0.138974
0.138279
0.137588
0.1369
0.136216
0.135535
0.134857
0.134183
0.133512
0.132844
0.13218
0.131519
0.130861
0.130207
0.129556
0.128908
0.128264
0.127622
0.126984
0.126349
0.125718
0.125089
0.124464
0.123841
0.123222
0.122606
0.121993
0.121383
0.120776
0.120172
0.119571
0.118974
0.118379
0.117787
0.117198
0.116612
0.116029
0.115449
0.114872
0.114297
0.113726
0.113157
0.112592
0.112029
0.11147
0.110913
0.11036
0.10981
0.109264
0.108722
0.108185
0.107653
0.107128
0.106611
0.106103
0.105607
0.105124
0.104657
0.10421
0.103784
0.103383
0.103009
0.102663
0.102346
0.102056
0.10179
0.101543
0.101306
0.10107
0.100822
0.100548
0.100234
0.0998678
0.0994361
0.0989309
0.0983478
0.0976876
0.0969562
0.096165
0.0953295
0.0944684
0.0936019
0.0927497
0.0919294
0.0911551
0.0904362
0.0897773
0.0891778
0.0886333
0.0881361
0.087677
0.0872457
0.0868326
0.086429
0.086028
0.0856243
0.0852145
0.0847967
0.0843703
0.0839362
0.0834956
0.0830509
0.0826046
0.0821591
0.0817169
0.0812799
0.0808492
0.0804257
0.0800091
0.0795992
0.0791949
0.0787955
0.0783999
0.0780074
0.0776174
0.0772295
0.0768436
0.0764595
0.0760772
0.0756968
0.0753183
0.0749417
0.074567
0.0741942
0.0738232
0.0734541
0.0730869
0.0727214
0.0723578
0.0719961
0.0716361
0.0712779
0.0709215
0.0705669
0.0702141
0.069863
0.0695137
0.0691662
0.0688204
0.0684763
0.0681339
0.0677932
0.0674543
0.067117
0.0667814
0.0664475
0.0661153
0.0657847
0.0654558
0.0651285
0.0648029
0.0644789
0.0641565
0.0638357
0.0635165
0.063199
0.062883
0.0625686
0.0622557
0.0619445
0.0616348
0.0613266
0.06102
0.0607149
0.0604114
0.0601093
0.0598088
0.0595098
0.0592122
0.0589162
0.0586216
0.0583284
0.0580368
0.0577466
0.0574579
0.0571706
0.0568848
0.0566003
0.0563174
0.0560358
0.0557556
0.0554768
0.0551995
0.0549235
0.0546489
0.0543756
0.0541037
0.0538332
0.053564
0.0532962
0.0530297
0.0527645
0.0525006
0.052238
0.0519766
0.0517165
0.0514575
0.0511996
0.0509428
0.0506869
0.0504318
0.0501774
0.0499234
0.0496696
0.0494158
0.0491616
0.0489065
0.0486503
0.0483924
0.0481324
0.0478697
0.0476039
0.0473345
0.0470612
0.0467837
0.0465019
0.0462158
0.0459258
0.0456324
0.0453367
0.04504
0.0447442
0.0444518
0.0441659
0.04389
0.0436284
0.0433855
0.0431661
0.0429745
0.0428145
0.0426884
0.0425968
0.042538
0.0425075
0.0424979
0.0424994
0.0425002
0.0424872
0.0424475
0.04237
0.0422462
0.0420714
0.0418458
0.041574
0.0412648
0.0409302
0.0405836
0.0402382
0.0399056
0.0395946
0.03931
0.0390533
0.0388223
0.0386127
0.0384187
0.0382347
0.0380553
0.0378768
0.0376969
0.0375147
0.0373302
0.0371443
0.036958
0.036772
0.0365871
0.0364034
0.036221
0.0360399
0.0358598
0.0356807
0.0355024
0.0353249
0.0351483
0.0349725
0.0347976
0.0346236
0.0344504
0.0342782
0.0341068
0.0339362
0.0337665
0.0335977
0.0334297
0.0332625
0.0330962
0.0329307
0.0327661
0.0326022
0.0324392
0.032277
0.0321156
0.031955
0.0317952
0.0316362
0.031478
0.0313206
0.031164
0.0310082
0.0308531
0.0306989
0.0305453
0.0303926
0.0302406
0.0300894
0.029939
0.0297893
0.0296403
0.0294921
0.0293446
0.0291979
0.0290519
0.0289066
0.028762
0.0286182
0.0284751
0.0283327
0.028191
0.0280501
0.0279098
0.0277703
0.0276314
0.0274932
0.0273558
0.027219
0.0270829
0.0269475
0.0268127
0.0266786
0.0265452
0.0264125
0.0262804
0.026149
0.0260182
0.0258881
0.0257587
0.0256299
0.0255017
0.0253742
0.0252474
0.0251211
0.0249955
0.0248706
0.0247463
0.0246227
0.0244997
0.0243774
0.0242559
0.024135
0.024015
0.0238959
0.0237777
0.0236606
0.0235448
0.0234303
0.0233176
0.0232068
0.0230984
0.0229926
0.0228901
0.0227913
0.0226967
0.0226069
0.0225225
0.0224439
0.0223714
0.0223051
0.0222448
0.0221899
0.0221394
0.0220915
0.0220442
0.0219945
0.021939
0.021874
0.0217954
0.0216992
0.0215818
0.0214405
0.0212739
0.0210822
0.0208675
0.0206341
0.0203883
0.0201382
0.0198931
0.0196626
0.019456
0.019281
0.0191428
0.0190438
0.0189823
0.0189536
0.0189495
0.0189599
0.0189735
0.0189792
0.0189676
0.018932
0.0188688
0.018778
0.018663
0.0185293
0.018384
0.0182345
0.0180875
0.0179478
0.0178187
0.0177012
0.0175945
0.017497
0.0174062
0.0173195
0.0172348
0.0171508
0.0170665
0.0169817
0.0168967
0.0168116
0.0167268
0.0166425
0.016559
0.016476
0.0163936
0.0163118
0.0162303
0.0161492
0.0160684
0.0159881
0.0159081
0.0158286
0.0157494
0.0156707
0.0155924
0.0155144
0.0154369
0.0153597
0.0152829
0.0152065
0.0151305
0.0150548
0.0149796
0.0149047
0.0148302
0.014756
0.0146823
0.0146089
0.0145358
0.0144632
0.0143909
0.0143189
0.0142473
0.0141761
0.0141052
0.0140347
0.0139646
0.0138947
0.0138253
0.0137562
0.0136874
0.013619
0.0135509
0.0134831
0.0134157
0.0133487
0.0132819
0.0132156
0.0131495
0.0130837
0.0130183
0.0129533
0.0128885
0.0128241
0.0127599
0.0126962
0.0126327
0.0125695
0.0125067
0.0124442
0.012382
0.0123201
0.0122585
0.0121972
0.0121362
0.0120755
0.0120152
0.0119551
0.0118953
0.0118359
0.0117767
0.0117178
0.0116592
0.0116008
0.0115428
0.011485
0.0114274
0.0113701
0.0113131
0.0112562
0.0111994
0.0111429
0.0110864
0.0110299
0.0109734
0.0109168
0.0108601
0.0108031
0.0107457
0.0106879
0.0106295
0.0105705
0.0105107
0.0104501
0.0103886
0.0103262
0.0102629
0.0101989
0.0101342
0.010069
0.0100036
0.0099385
0.00987411
0.00981103
0.00974997
0.00969168
0.00963701
0.00958682
0.00954192
0.00950303
0.00947069
0.00944516
0.00942635
0.00941372
0.00940627
0.00940251
0.00940048
0.00939789
0.00939225
0.00938106
0.00936207
0.00933353
0.00929437
0.00924437
0.00918426
0.00911562
0.00904079
0.00896258
0.00888397
0.00880778
0.00873632
0.00867119
0.00861311
0.00856194
0.0085168
0.00847627
0.0084387
0.00840246
0.00836618
0.00832893
0.00829023
0.00825008
0.00820878
0.00816681
0.0081247
0.00808287
0.00804159
0.00800095
0.0079609
0.00792131
0.00788202
0.00784289
0.00780385
0.00776488
0.00772601
0.00768729
0.00764876
0.00761044
0.00757236
0.0075345
0.00749685
0.00745938
0.00742209
0.00738498
0.00734804
0.00731128
0.00727471
0.00723832
0.00720212
0.00716611
0.00713027
0.00709461
0.00705913
0.00702383
0.0069887
0.00695375
0.00691897
0.00688437
0.00684994
0.00681568
0.00678159
0.00674768
0.00671393
0.00668035
0.00664694
0.0066137
0.00658062
0.00654771
0.00651496
0.00648238
0.00644996
0.0064177
0.0063856
0.00635366
0.00632189
0.00629027
0.00625881
0.0062275
0.00619636
0.00616537
0.00613453
0.00610385
0.00607333
0.00604295
0.00601273
0.00598266
0.00595274
0.00592297
0.00589335
0.00586387
0.00583454
0.00580536
0.00577633
0.00574744
0.00571869
0.00569009
0.00566164
0.00563333
0.00560517
