9.78721e-05
0.000279472
0.000463202
0.000684704
0.000887552
0.00103594
0.00118014
0.00131159
0.00141784
0.00152607
0.00161719
0.00167921
0.0017363
0.00178017
0.00180646
0.00183089
0.00184159
0.00183453
0.00182415
0.00180429
0.0017744
0.00174417
0.00170565
0.00165837
0.0016115
0.00156069
0.00150711
0.00145678
0.00140428
0.00135066
0.00130176
0.00125447
0.0012104
0.00117316
0.00113895
0.00110916
0.00108725
0.00107083
0.00106132
0.00106057
0.00106566
0.00107777
0.00109862
0.00112611
0.00116112
0.0012043
0.00125337
0.00130913
0.00137234
0.00144141
0.00151704
0.00159921
0.00168578
0.00177636
0.00186965
0.00196289
0.00205545
0.0021468
0.00223617
0.0023247
0.00241244
0.00249778
0.00257975
0.00265679
0.00272717
0.00279043
0.00284569
0.00289219
0.00293075
0.00296149
0.00298363
0.00299676
0.00300028
0.00299376
0.00297758
0.00295207
0.00291782
0.00287567
0.00282556
0.00276759
0.00270273
0.00263169
0.00255518
0.00247436
0.00239005
0.00230291
0.00221402
0.00212448
0.00203538
0.00194773
0.00186238
0.00178023
0.00170231
0.0016295
0.0015628
0.00150304
0.00145059
0.00140585
0.00136924
0.00134091
0.00132105
0.0013098
0.0013069
0.00131206
0.00132518
0.00134613
0.00137495
0.00141184
0.00145679
0.0015096
0.00156986
0.00163686
0.00170972
0.00178739
0.00186876
0.00195269
0.00203815
0.0021243
0.00221059
0.00229657
0.00238174
0.00246541
0.00254655
0.00262395
0.00269646
0.00276316
0.00282341
0.00287686
0.00292318
0.00296208
0.0029932
0.00301614
0.00303048
0.00303593
0.00303231
0.00301962
0.00299812
0.00296819
0.0029302
0.00288455
0.00283155
0.00277156
0.00270511
0.00263288
0.00255567
0.00247434
0.00238972
0.00230258
0.00221375
0.00212406
0.00203439
0.00194565
0.00185873
0.0017745
0.00169379
0.00161741
0.00154612
0.0014806
0.00142148
0.00136932
0.00132466
0.00128794
0.00125954
0.00123973
0.0012287
0.00122654
0.00123326
0.00124879
0.00127297
0.00130554
0.00134617
0.00139447
0.00144997
0.0015121
0.00158022
0.00165362
0.00173155
0.00181326
0.00189796
0.0019848
0.00207291
0.00216137
0.00224927
0.00233574
0.00241993
0.00250104
0.00257826
0.00265079
0.00271788
0.00277885
0.00283309
0.0028801
0.00291942
0.00295065
0.00297346
0.0029876
0.00299294
0.00298944
0.00297714
0.00295618
0.00292675
0.00288915
0.00284375
0.00279099
0.00273142
0.00266564
0.00259432
0.00251816
0.00243792
0.00235439
0.00226843
0.00218088
0.00209265
0.0020046
0.00191763
0.00183258
0.00175032
0.00167168
0.00159744
0.00152834
0.00146509
0.00140831
0.00135857
0.00131637
0.00128214
0.00125621
0.00123886
0.00123025
0.00123048
0.00123953
0.00125733
0.0012837
0.00131838
0.00136101
0.00141118
0.00146839
0.00153206
0.00160157
0.00167621
0.00175524
0.00183788
0.00192329
0.00201064
0.00209904
0.00218761
0.00227546
0.00236172
0.00244553
0.00252606
0.00260249
0.00267407
0.00274007
0.00279984
0.00285277
0.00289836
0.00293613
0.00296571
0.0029868
0.00299919
0.00300275
0.00299746
0.00298336
0.0029606
0.0029294
0.00289006
0.00284299
0.00278866
0.00272759
0.00266042
0.00258779
0.00251045
0.00242916
0.00234472
0.002258
0.00216984
0.00208114
0.00199277
0.00190561
0.00182055
0.00173842
0.00166004
0.00158621
0.00151765
0.00145504
0.00139902
0.00135014
0.00130889
0.00127569
0.00125085
0.00123463
0.00122719
0.00122861
0.00123886
0.00125785
0.00128538
0.00132118
0.0013649
0.00141608
0.00147423
0.00153875
0.00160901
0.00168431
0.00176388
0.00184693
0.00193264
0.00202015
0.00210857
0.00219704
0.00228466
0.00237056
0.00245388
0.00253378
0.00260947
0.0026802
0.00274526
0.00280398
0.0028558
0.00290019
0.00293671
0.00296499
0.00298475
0.0029958
0.00299802
0.00299139
0.00297598
0.00295195
0.00291952
0.00287903
0.00283089
0.00277557
0.00271362
0.00264568
0.0025724
0.00249454
0.00241286
0.00232819
0.00224136
0.00215325
0.00206474
0.00197672
0.00189005
0.00180562
0.00172426
0.00164679
0.00157397
0.00150655
0.0014452
0.00139051
0.00134306
0.0013033
0.00127164
0.00124839
0.00123379
0.00122798
0.00123102
0.00124288
0.00126344
0.0012925
0.00132977
0.00137487
0.00142736
0.00148671
0.00155233
0.00162356
0.00169969
0.00177996
0.00186357
0.00194969
0.00203745
0.00212597
0.00221438
0.00230178
0.00238732
0.00247012
0.00254937
0.00262427
0.00269407
0.00275808
0.00281566
0.00286623
0.00290929
0.0029444
0.00297122
0.00298947
0.00299898
0.00299965
0.00299147
0.00297453
0.00294898
0.0029151
0.00287322
0.00282375
0.00276718
0.0027041
0.00263511
0.00256093
0.00248227
0.00239993
0.00231474
0.00222754
0.00213921
0.00205062
0.00196266
0.00187622
0.00179214
0.00171129
0.00163445
0.0015624
0.00149586
0.00143549
0.0013819
0.00133561
0.00129711
0.00126676
0.00124487
0.00123165
0.00122725
0.00123171
0.00124497
0.00126692
0.00129731
0.00133587
0.00138219
0.00143582
0.00149622
0.00156278
0.00163484
0.00171169
0.00179254
0.00187661
0.00196303
0.00205096
0.00213951
0.0022278
0.00231494
0.00240006
0.00248233
0.0025609
0.002635
0.00270389
0.00276687
0.00282333
0.00287269
0.00291446
0.00294822
0.00297365
0.00299047
0.00299853
0.00299775
0.00298813
0.00296976
0.00294284
0.00290764
0.00286449
0.00281384
0.00275619
0.00269212
0.00262226
0.00254732
0.00246804
0.00238522
0.00229969
0.00221229
0.00212391
0.00203542
0.00194771
0.00186165
0.00177812
0.00169793
0.0016219
0.00155078
0.00148528
0.00142605
0.0013737
0.00132874
0.00129163
0.00126272
0.00124232
0.00123062
0.00122775
0.00123372
0.00124849
0.00127191
0.00130373
0.00134365
0.00139126
0.00144609
0.00150759
0.00157515
0.00164809
0.00172568
0.00180714
0.00189168
0.00197843
0.00206653
0.0021551
0.00224326
0.00233013
0.00241483
0.00249653
0.0025744
0.00264767
0.00271561
0.00277753
0.00283282
0.00288092
0.00292136
0.00295373
0.00297771
0.00299305
0.00299961
0.00299732
0.0029862
0.00296636
0.002938
0.00290141
0.00285695
0.00280506
0.00274626
0.00268114
0.00261036
0.00253461
0.00245465
0.00237129
0.00228536
0.0021977
0.00210921
0.00202077
0.00193325
0.00184753
0.00176448
0.00168491
0.00160963
0.00153938
0.00147487
0.00141674
0.00136557
0.00132188
0.0012861
0.00125859
0.00123962
0.00122938
0.00122798
0.00123543
0.00125165
0.00127648
0.00130967
0.0013509
0.00139975
0.00145573
0.00151828
0.00158678
0.00166055
0.00173884
0.00182087
0.00190583
0.00199287
0.0020811
0.00216967
0.00225767
0.00234423
0.00242849
0.0025096
0.00258675
0.00265918
0.00272615
0.002787
0.00284112
0.00288797
0.00292709
0.00295807
0.00298062
0.0029945
0.00299958
0.00299581
0.00298322
0.00296195
0.00293219
0.00289426
0.00284852
0.00279545
0.00273555
0.00266945
0.00259779
0.00252129
0.00244071
0.00235687
0.0022706
0.00218276
0.00209422
0.00200588
0.00191862
0.0018333
0.00175079
0.0016719
0.00159742
0.0015281
0.00146463
0.00140764
0.00135771
0.00131533
0.00128092
0.00125484
0.00123734
0.00122859
0.00122868
0.00123762
0.00125531
0.00128157
0.00131615
0.0013587
0.00140878
0.00146592
0.00152952
0.00159896
0.00167354
0.00175252
0.0018351
0.00192047
0.00200777
0.00209613
0.00218466
0.00227249
0.00235872
0.00244251
0.00252301
0.00259942
0.00267097
0.00273696
0.00279672
0.00284965
0.00289523
0.002933
0.00296258
0.00298368
0.00299609
0.00299968
0.00299442
0.00298035
0.00295763
0.00292647
0.00288719
0.00284019
0.00278592
0.00272493
0.00265784
0.00258531
0.00250807
0.00242688
0.00234257
0.00225596
0.00216794
0.00207937
0.00199114
0.00190414
0.00181923
0.00173727
0.00165906
0.00158539
0.001517
0.00145458
0.00139873
0.00135003
0.00130896
0.00127593
0.00125127
0.00123523
0.00122796
0.00122954
0.00123995
0.0012591
0.00128678
0.00132272
0.00136656
0.00141787
0.00147613
0.00154076
0.00161111
0.00168648
0.00176612
0.00184924
0.00193499
0.00202253
0.00211098
0.00219945
0.00228707
0.00237295
0.00245624
0.00253611
0.00261175
0.00268242
0.00274741
0.00280606
0.00285779
0.00290209
0.00293851
0.00296668
0.00298634
0.00299727
0.00299937
0.00299262
0.00297709
0.00295294
0.00292039
0.00287978
0.00283152
0.00277609
0.00271403
0.00264598
0.00257261
0.00249465
0.00241288
0.00232812
0.00224122
0.00215304
0.00206447
0.00197639
0.00188968
0.00180521
0.00172382
0.00164633
0.0015735
0.00150607
0.00144471
0.00139003
0.00134258
0.00130284
0.0012712
0.00124797
0.00123339
0.00122761
0.00123068
0.00124257
0.00126317
0.00129226
0.00132956
0.00137469
0.00142721
0.00148658
0.00155222
0.00162347
0.00169961
0.00177989
0.00186351
0.00194962
0.00203738
0.00212589
0.00221428
0.00230167
0.00238717
0.00246995
0.00254916
0.00262402
0.00269378
0.00275774
0.00281527
0.00286579
0.00290879
0.00294384
0.0029706
0.0029888
0.00299825
0.00299887
0.00299063
0.00297364
0.00294805
0.00291412
0.0028722
0.0028227
0.00276611
0.002703
0.002634
0.0025598
0.00248115
0.00239882
0.00231364
0.00222646
0.00213816
0.00204961
0.0019617
0.0018753
0.00179129
0.0017105
0.00163374
0.00156177
0.00149531
0.00143503
0.00138154
0.00133535
0.00129694
0.0012667
0.00124491
0.00123181
0.00122751
0.00123207
0.00124543
0.00126747
0.00129797
0.00133661
0.00138302
0.00143673
0.0014972
0.00156383
0.00163595
0.00171284
0.00179374
0.00187784
0.00196429
0.00205223
0.00214079
0.00222907
0.0023162
0.00240131
0.00248354
0.00256207
0.00263613
0.00270496
0.00276789
0.00282427
0.00287356
0.00291525
0.00294894
0.00297427
0.00299101
0.00299898
0.0029981
0.00298839
0.00296994
0.00294292
0.00290763
0.0028644
0.00281367
0.00275594
0.00269179
0.00262187
0.00254687
0.00246754
0.00238467
0.0022991
0.00221167
0.00212326
0.00203476
0.00194704
0.00186099
0.00177746
0.00169729
0.00162128
0.00155019
0.00148473
0.00142555
0.00137324
0.00132834
0.00129128
0.00126243
0.00124209
0.00123046
0.00122765
0.0012337
0.00124853
0.00127201
0.0013039
0.00134388
0.00139155
0.00144643
0.00150798
0.00157558
0.00164856
0.00172618
0.00180767
0.00189223
0.00197899
0.00206709
0.00215567
0.00224382
0.00233067
0.00241535
0.00249702
0.00257485
0.00264808
0.00271596
0.00277783
0.00283306
0.0028811
0.00292148
0.00295378
0.00297768
0.00299296
0.00299944
0.00299708
0.00298588
0.00296598
0.00293755
0.00290089
0.00285637
0.00280443
0.00274558
0.00268041
0.00260959
0.00253381
0.00245383
0.00237045
0.0022845
0.00219685
0.00210836
0.00201993
0.00193243
0.00184674
0.00176372
0.0016842
0.00160896
0.00153877
0.00147432
0.00141626
0.00136516
0.00132155
0.00128585
0.00125841
0.00123953
0.00122937
0.00122806
0.00123559
0.00125189
0.0012768
0.00131007
0.00135138
0.00140029
0.00145634
0.00151895
0.00158751
0.00166132
0.00173965
0.00182171
0.00190669
0.00199374
0.00208199
0.00217055
0.00225855
0.00234509
0.00242933
0.00251041
0.00258752
0.0026599
0.00272682
0.00278761
0.00284167
0.00288845
0.00292749
0.0029584
0.00298087
0.00299468
0.00299968
0.00299582
0.00298315
0.0029618
0.00293197
0.00289396
0.00284815
0.00279501
0.00273505
0.00266889
0.00259718
0.00252064
0.00244003
0.00235616
0.00226986
0.00218201
0.00209347
0.00200513
0.00191787
0.00183258
0.00175008
0.00167123
0.00159679
0.00152751
0.00146409
0.00140716
0.00135729
0.00131498
0.00128064
0.00125463
0.0012372
0.00122853
0.0012287
0.00123771
0.00125547
0.00128181
0.00131646
0.00135907
0.00140923
0.00146642
0.00153007
0.00159956
0.00167418
0.00175319
0.00183581
0.0019212
0.00200851
0.00209687
0.0021854
0.00227321
0.00235943
