0.868652
0.86717
0.862141
0.852066
0.836152
0.814299
0.786994
0.755172
0.720039
0.682903
0.645023
0.6075
0.571208
0.536766
0.504547
0.474713
0.447257
0.422055
0.398916
0.377616
0.357929
0.339646
0.322584
0.30659
0.291538
0.277329
0.263883
0.251138
0.239042
0.227553
0.216634
0.206254
0.196384
0.186998
0.178072
0.169581
0.161506
0.153825
0.146519
0.13957
0.132959
0.126671
0.120689
0.114999
0.109586
0.104437
0.0995375
0.0948768
0.0904426
0.0862238
0.0822099
0.0783909
0.074757
0.0712994
0.0680092
0.0648784
0.0618991
0.0590638
0.0563655
0.0537975
0.0513534
0.0490272
0.046813
0.0447055
0.0426993
0.0407895
0.0389714
0.0372405
0.0355925
0.0340235
0.0325295
0.0311069
0.0297521
0.028462
0.0272333
0.026063
0.0249483
0.0238865
0.022875
0.0219114
0.0209933
0.0201185
0.0192849
0.0184905
0.0177335
0.0170119
0.0163241
0.0156684
0.0150434
0.0144474
0.0138791
0.0133372
0.0128204
0.0123274
0.0118571
0.0114085
0.0109805
0.010572
0.0101822
0.00981017
0.00945503
0.00911597
0.00879223
0.00848308
0.00818782
0.00790578
0.00763634
0.00737889
0.00713287
0.00689773
0.00667295
0.00645805
0.00625258
0.00605609
0.00586818
0.00568847
0.00551662
0.00535232
0.0051953
0.00504533
0.00490227
0.00476599
0.00463647
0.00451374
0.00439794
0.00428925
0.00418794
0.00409433
0.00400873
0.00393147
0.00386277
0.00380273
0.00375126
0.00370801
0.00367234
0.00364329
0.00361958
0.00359967
0.00358182
0.00356421
0.00354507
0.00352282
0.0034962
0.0034644
0.00342711
0.00338452
0.00333732
0.0032866
0.00323369
0.00318004
0.00312705
0.00307597
0.00302776
0.00298306
0.00294218
0.00290511
0.0028716
0.00284125
0.00281356
0.002788
0.00276408
0.0027414
0.00271964
0.00269856
0.00267802
0.0026579
0.00263817
0.00261881
0.00259981
0.00258116
0.00256286
0.00254491
0.0025273
0.00251002
0.00249307
0.00247643
0.00246009
0.00244405
0.00242829
0.00241281
0.0023976
0.00238265
0.00236795
0.0023535
0.00233928
0.00232529
0.00231152
0.00229796
0.00228461
0.00227145
0.00225848
0.00224569
0.00223307
0.00222062
0.00220833
0.0021962
0.00218421
0.00217237
0.00216066
0.00214909
0.00213764
0.00212632
0.00211512
0.00210403
0.00209306
0.00208219
0.00207143
0.00206077
0.00205021
0.00203974
0.00202936
0.00201908
0.00200888
0.00199877
0.00198874
0.00197879
0.00196892
0.00195912
0.0019494
0.00193976
0.00193018
0.00192067
0.00191123
0.00190186
0.00189256
0.00188331
0.00187413
0.00186502
0.00185596
0.00184696
0.00183802
0.00182914
0.00182031
0.00181154
0.00180282
0.00179416
0.00178555
0.001777
0.00176849
0.00176004
0.00175163
0.00174328
0.00173497
0.00172672
0.00171851
0.00171035
0.00170223
0.00169416
0.00168614
0.00167816
0.00167023
0.00166235
0.0016545
0.0016467
0.00163895
0.00163124
0.00162357
0.00161594
0.00160835
0.00160081
0.00159331
0.00158584
0.00157842
0.00157104
0.0015637
0.0015564
0.00154914
0.00154192
0.00153473
0.00152759
0.00152048
0.00151341
0.00150637
0.00149937
0.00149241
0.00148548
0.00147858
0.00147172
0.00146488
0.00145808
0.00145131
0.00144457
0.00143785
0.00143117
0.00142451
0.00141789
0.00141129
0.00140472
0.00139818
0.00139167
0.0013852
0.00137875
0.00137234
0.00136596
0.00135961
0.0013533
0.00134702
0.00134077
0.00133455
0.00132836
0.0013222
0.00131607
0.00130997
0.00130389
0.00129785
0.00129183
0.00128584
0.00127988
0.00127394
0.00126804
0.00126216
0.0012563
0.00125048
0.00124468
0.00123891
0.00123317
0.00122745
0.00122176
0.0012161
0.00121046
0.00120485
0.00119927
0.00119371
0.00118818
0.00118267
0.00117719
0.00117174
0.00116631
0.0011609
0.00115553
0.00115017
0.00114484
0.00113954
0.00113426
0.001129
0.00112377
0.00111857
0.00111338
0.00110822
0.00110309
0.00109798
0.00109289
0.00108783
0.00108279
0.00107778
0.00107278
0.00106781
0.00106287
0.00105794
0.00105304
0.00104816
0.00104331
0.00103848
0.00103367
0.00102888
0.00102411
0.00101937
0.00101465
0.00100995
0.00100527
0.00100061
0.000995977
0.000991363
0.000986772
0.000982201
0.000977652
0.000973123
0.000968616
0.00096413
0.000959664
0.000955219
0.000950795
0.000946391
0.000942008
0.000937645
0.000933302
0.00092898
0.000924677
0.000920394
0.000916132
0.000911889
0.000907665
0.000903462
0.000899277
0.000895112
0.000890967
0.000886841
0.000882733
0.000878645
0.000874576
0.000870526
0.000866494
0.000862481
0.000858487
0.000854511
0.000850554
0.000846615
0.000842694
0.000838791
0.000834907
0.00083104
0.000827192
0.000823361
0.000819548
0.000815753
0.000811975
0.000808214
0.000804472
0.000800746
0.000797037
0.000793346
0.000789672
0.000786015
0.000782374
0.000778751
0.000775144
0.000771553
0.00076798
0.000764422
0.000760881
0.000757357
0.000753848
0.000750356
0.00074688
0.00074342
0.000739976
0.000736548
0.000733135
0.000729739
0.000726358
0.000722993
0.000719643
0.00071631
0.000712991
0.000709688
0.000706401
0.000703129
0.000699872
0.00069663
0.000693404
0.000690193
0.000686996
0.000683815
0.000680648
0.000677496
0.000674358
0.000671235
0.000668127
0.000665033
0.000661953
0.000658887
0.000655836
0.000652799
0.000649775
0.000646766
0.00064377
0.000640788
0.00063782
0.000634866
0.000631925
0.000628998
0.000626085
0.000623185
0.000620299
0.000617425
0.000614566
0.000611719
0.000608886
0.000606066
0.000603258
0.000600464
0.000597683
0.000594915
0.000592159
0.000589417
0.000586687
0.000583969
0.000581264
0.000578572
0.000575892
0.000573225
0.00057057
0.000567927
0.000565297
0.000562679
0.000560072
0.000557478
0.000554896
0.000552326
0.000549768
0.000547221
0.000544687
0.000542164
0.000539653
0.000537153
0.000534665
0.000532189
0.000529724
0.00052727
0.000524828
0.000522397
0.000519978
0.000517569
0.000515172
0.000512786
0.000510411
0.000508047
0.000505694
0.000503351
0.00050102
0.000498699
0.00049639
0.00049409
0.000491802
0.000489524
0.000487257
0.000485
0.000482753
0.000480517
0.000478292
0.000476076
0.000473871
0.000471677
0.000469492
0.000467317
0.000465153
0.000462998
0.000460854
0.000458719
0.000456595
0.00045448
0.000452375
0.000450279
0.000448194
0.000446118
0.000444052
0.000441995
0.000439948
0.00043791
0.000435882
0.000433863
0.000431853
0.000429853
0.000427862
0.00042588
0.000423908
0.000421944
0.00041999
0.000418044
0.000416108
0.000414181
0.000412262
0.000410353
0.000408452
0.00040656
0.000404677
0.000402803
0.000400937
0.00039908
0.000397232
0.000395392
0.000393561
0.000391738
0.000389923
0.000388117
0.000386319
0.00038453
0.000382749
0.000380976
0.000379212
0.000377455
0.000375707
0.000373967
0.000372235
0.000370511
0.000368794
0.000367086
0.000365386
0.000363694
0.000362009
0.000360332
0.000358663
0.000357002
0.000355349
0.000353703
0.000352064
0.000350434
0.000348811
0.000347195
0.000345587
0.000343986
0.000342393
0.000340807
0.000339228
0.000337657
0.000336093
0.000334536
0.000332987
0.000331445
0.000329909
0.000328381
0.00032686
0.000325346
0.00032384
0.00032234
0.000320847
0.00031936
0.000317881
0.000316409
0.000314943
0.000313485
0.000312033
0.000310587
0.000309149
0.000307717
0.000306292
0.000304873
0.000303461
0.000302055
0.000300656
0.000299264
0.000297877
0.000296498
0.000295124
0.000293757
0.000292397
0.000291043
0.000289694
0.000288353
0.000287017
0.000285688
0.000284364
0.000283047
0.000281736
0.000280431
0.000279132
0.00027784
0.000276553
0.000275272
0.000273997
0.000272728
0.000271464
0.000270207
0.000268956
0.00026771
0.00026647
0.000265236
0.000264007
0.000262784
0.000261567
0.000260356
0.00025915
0.000257949
0.000256755
0.000255565
0.000254382
0.000253203
0.000252031
0.000250863
0.000249701
0.000248545
0.000247393
0.000246248
0.000245107
0.000243972
0.000242842
0.000241717
0.000240597
0.000239483
0.000238374
0.00023727
0.000236171
0.000235077
0.000233988
0.000232904
0.000231825
0.000230752
0.000229683
0.000228619
0.00022756
0.000226506
0.000225457
0.000224413
0.000223373
0.000222339
0.000221309
0.000220284
0.000219263
0.000218248
0.000217237
0.000216231
0.000215229
0.000214232
0.00021324
0.000212252
0.000211269
0.000210291
0.000209317
0.000208347
0.000207382
0.000206421
0.000205465
0.000204514
0.000203566
0.000202624
0.000201685
0.000200751
0.000199821
0.000198896
0.000197974
0.000197057
0.000196145
0.000195236
0.000194332
0.000193432
0.000192536
0.000191644
0.000190756
0.000189873
0.000188993
0.000188118
0.000187247
0.000186379
0.000185516
0.000184657
0.000183801
0.00018295
0.000182103
0.000181259
0.00018042
0.000179584
0.000178752
0.000177924
0.0001771
0.00017628
0.000175463
0.000174651
0.000173842
0.000173037
0.000172235
0.000171437
0.000170643
0.000169853
0.000169066
0.000168283
0.000167504
0.000166728
0.000165955
0.000165187
0.000164422
0.00016366
0.000162902
0.000162148
0.000161396
0.000160649
0.000159905
0.000159164
0.000158427
0.000157693
0.000156963
0.000156236
0.000155512
0.000154792
0.000154075
0.000153361
0.000152651
0.000151944
0.00015124
0.000150539
0.000149842
0.000149148
0.000148457
0.00014777
0.000147085
0.000146404
0.000145726
0.000145051
0.000144379
0.00014371
0.000143045
0.000142382
0.000141723
0.000141066
0.000140413
0.000139762
0.000139115
0.000138471
0.000137829
0.000137191
0.000136556
0.000135923
0.000135293
0.000134667
0.000134043
0.000133422
0.000132804
0.000132189
0.000131577
0.000130967
0.000130361
0.000129757
0.000129156
0.000128558
0.000127962
0.00012737
0.00012678
0.000126192
0.000125608
0.000125026
0.000124447
0.000123871
0.000123297
0.000122726
0.000122157
0.000121592
0.000121028
0.000120468
0.00011991
0.000119354
0.000118802
0.000118251
0.000117704
0.000117158
0.000116616
0.000116076
0.000115538
0.000115003
0.00011447
0.00011394
0.000113412
0.000112887
0.000112364
0.000111844
0.000111325
0.00011081
0.000110297
0.000109786
0.000109277
0.000108771
0.000108267
0.000107766
0.000107267
0.00010677
0.000106275
0.000105783
0.000105293
0.000104805
0.00010432
0.000103837
0.000103356
0.000102877
0.000102401
0.000101926
0.000101454
0.000100984
0.000100516
0.000100051
9.95875e-05
9.91262e-05
9.86671e-05
9.82101e-05
9.77552e-05
9.73024e-05
9.68517e-05
9.64031e-05
9.59566e-05
9.55121e-05
9.50697e-05
9.46294e-05
9.41911e-05
9.37548e-05
9.33206e-05
9.28883e-05
9.24581e-05
9.20298e-05
9.16036e-05
9.11793e-05
9.07569e-05
9.03366e-05
8.99182e-05
8.95017e-05
8.90871e-05
8.86745e-05
8.82638e-05
8.78549e-05
8.7448e-05
8.7043e-05
8.66398e-05
8.62385e-05
8.58391e-05
8.54415e-05
8.50457e-05
8.46518e-05
8.42597e-05
8.38694e-05
8.3481e-05
8.30943e-05
8.27094e-05
8.23263e-05
8.1945e-05
8.15654e-05
8.11877e-05
8.08116e-05
8.04373e-05
8.00647e-05
7.96939e-05
7.93248e-05
7.89573e-05
7.85916e-05
7.82276e-05
7.78653e-05
7.75046e-05
7.71456e-05
7.67883e-05
7.64326e-05
7.60786e-05
7.57262e-05
7.53755e-05
7.50264e-05
7.46788e-05
7.43329e-05
7.39886e-05
7.36459e-05
7.33048e-05
7.29653e-05
7.26273e-05
7.22909e-05
7.19561e-05
7.16228e-05
7.12911e-05
7.09609e-05
7.06322e-05
7.0305e-05
6.99794e-05
6.96553e-05
6.93326e-05
6.90115e-05
6.86918e-05
6.83737e-05
6.8057e-05
6.77418e-05
6.7428e-05
6.71157e-05
6.68048e-05
6.64954e-05
6.61874e-05
6.58808e-05
6.55757e-05
6.52719e-05
6.49696e-05
6.46687e-05
6.43691e-05
6.4071e-05
6.37742e-05
6.34788e-05
6.31848e-05
6.28922e-05
6.26009e-05
6.23109e-05
6.20223e-05
6.1735e-05
6.14491e-05
6.11644e-05
6.08811e-05
6.05992e-05
6.03185e-05
6.00391e-05
5.9761e-05
5.94842e-05
5.92087e-05
5.89344e-05
5.86615e-05
5.83897e-05
5.81193e-05
5.78501e-05
5.75821e-05
5.73154e-05
5.705e-05
5.67857e-05
5.65227e-05
5.62609e-05
5.60003e-05
5.57409e-05
5.54827e-05
5.52258e-05
5.497e-05
5.47153e-05
5.44619e-05
5.42097e-05
5.39586e-05
5.37086e-05
5.34599e-05
5.32123e-05
5.29658e-05
5.27205e-05
5.24763e-05
5.22332e-05
5.19913e-05
5.17505e-05
5.15108e-05
5.12722e-05
